2.035558249463923497e-01
3.576143560271223820e-01
2.603436300407565018e-01
2.867756544761022597e-01
1.487903265822505539e-01
1.751285253179428736e-01
1.084939463794204334e-01
1.355852885952257558e-01
2.596631410608504775e-01
1.834841641782744559e-01
1.100592959923073488e-01
3.393318619140607284e-01
1.727800362775212817e-01
1.750241289402005296e-01
1.418006127467758837e-01
3.144236646191807538e-01
1.851446582858311263e-01
1.600227827807522429e-01
1.512275829249746795e-01
1.087253917013605853e-01
1.137266234845448892e-01
1.434846849404710356e-01
2.536549993095636446e-01
1.143239745234518878e-01
1.090861664793775221e-01
2.940031081959974535e-01
1.384063446074292048e-01
1.625096869194219418e-01
1.504390136512299969e-01
1.822439197557433055e-01
4.997464997015051424e-01
5.540573978662630683e-01
1.126654058472023184e-01
2.431992963551501685e-01
1.733053414737856235e-01
1.824790565568126244e-01
1.752155981097994197e-01
3.452996987300314680e-01
1.551100012018541141e-01
3.722358592805176114e-01
4.428218703518598254e-01
3.323611104925666138e-01
1.698539161851298218e-01
3.460396868988012686e-01
2.183123511902153868e-01
2.027223370000806046e-01
1.303587911432093627e-01
1.144221029853876165e-01
1.098378154759012265e-01
2.515071249571774747e-01
2.918038185786628325e-01
4.968662687263391553e-01
1.130646222889498398e-01
1.000566812570390235e-01
1.227172359726382694e-01
1.578998301603413423e-01
9.456292764567891806e-02
9.841723189677495376e-02
1.051119404395433471e-01
9.812956595981001118e-02
9.053288089540612038e-02
9.313930927449261266e-02
9.380763451565481137e-02
9.267997123441282237e-02
1.100350535821104786e-01
1.238306692601259668e-01
9.972892409588578200e-02
2.983566737413889114e-01
1.446460838069117405e-01
9.590339275713154199e-02
1.107700384559044404e-01
2.474964857310386623e-01
2.647988710294627013e-01
1.040846733508590111e-01
1.047919040003249674e-01
1.097099594341599954e-01
1.243322691027801408e-01
1.279923781680842032e-01
1.285225462569020705e-01
1.324657657654746690e-01
1.235568210906930198e-01
1.925641578817891275e-01
1.265293215794410786e-01
1.247074570669348959e-01
1.309209790410987839e-01
1.210180046219564293e-01
1.875022357870445577e-01
1.796854277370288078e-01
2.845579283168687690e-01
2.578646743380070827e-01
1.941441774526283526e-01
1.810856331843803402e-01
9.914068863390437802e-02
9.388729007395985038e-02
1.422646763079352672e-01
1.324907873442066064e-01
1.049840598668475705e-01
1.300282877244136048e-01
9.342744216288575987e-02
1.352847170425773016e-01
1.093840855440268434e-01
9.148384581319582431e-02
1.003592570188792804e-01
8.844004104015709689e-02
9.296050664424587717e-02
9.151699335348695286e-02
9.354450389373671071e-02
1.468605516093697272e-01
1.002818642112925235e-01
1.034181412458185512e-01
2.126406257077812501e-01
8.769952803291242160e-02
8.663450119306406738e-02
8.945534289592016464e-02
8.934054285831861952e-02
8.973492456794221472e-02
9.157486842970281871e-02
8.809417128423716048e-02
8.649452460308706958e-02
8.767687387721538606e-02
9.254435834199459254e-02
9.678429012539097043e-02
9.154240140357755573e-02
9.319644748963637482e-02
8.909193832365434884e-02
9.003545489427774995e-02
9.974814450350291684e-02
9.221734640101818259e-02
9.185067779768670004e-02
9.497278829351588070e-02
1.022127875121157659e-01
9.185787484613643084e-02
9.864745326842631890e-02
9.179816816831889992e-02
9.277478412741226033e-02
8.759332805522508647e-02
1.091999829204592376e-01
8.794440044807971812e-02
9.451760138575256154e-02
2.588577482191767309e-01
8.708169648758139203e-02
9.289383524260795555e-02
8.941597044491916835e-02
1.168919135425528083e-01
8.799236945908200935e-02
8.918512699821287693e-02
9.089619777929025535e-02
9.114374222080341703e-02
8.956039223560506579e-02
9.153214540027229673e-02
2.431874359678326547e-01
1.059040222563288336e-01
9.512084717746346896e-02
9.422239848045432797e-02
8.821721295621284820e-02
9.018742485960180855e-02
9.589822748461608592e-02
9.012270799460764259e-02
9.358140023723317269e-02
9.546545225382579991e-02
9.346826125523305384e-02
2.133717717770120259e-01
9.478427149195767232e-02
8.719629704101415635e-02
9.380813534756582417e-02
8.998462836072203264e-02
9.341059940126467120e-02
8.732317010266334167e-02
1.548116622506268969e-01
1.801407127021446841e-01
1.016052993067308868e-01
8.971443180819889396e-02
9.312072304891055863e-02
8.428633021485051890e-02
8.981452170637474475e-02
8.966207545685521418e-02
2.040120246523270120e-01
8.890486118439171193e-02
8.893651103714278472e-02
1.309928259277668428e-01
8.575248086738114506e-02
8.714566309546541156e-02
1.225563277204411716e-01
9.915166219055936148e-02
9.421315682896830301e-02
9.150013476118434852e-02
9.161121621182495567e-02
8.721504992669606993e-02
9.819798936990710436e-02
8.745517012655290578e-02
8.833251164528049815e-02
9.133788348687379988e-02
8.746441177846442372e-02
8.848226976884208950e-02
8.737305835482718497e-02
8.883897059285504605e-02
9.101420403129149850e-02
8.923431654341690278e-02
9.009724622421905194e-02
8.933169893602666001e-02
1.444832257998389935e-01
9.471695333049254262e-02
8.888020260512077830e-02
8.733097869086849097e-02
8.908969665687890838e-02
9.100108176496829460e-02
9.111255089275012431e-02
8.644906793518812582e-02
8.687391678246844662e-02
8.942091128552290269e-02
9.148039910402164243e-02
9.031358695898020206e-02
9.096758619607911434e-02
8.918563119612103740e-02
8.817415697183156320e-02
9.035534568532975486e-02
9.610478165088350011e-02
8.705815571239984563e-02
8.996294002549055924e-02
9.075375224973075694e-02
8.933859211210384843e-02
9.679227982158214449e-02
8.842675144935005505e-02
8.881452643583837014e-02
8.944826334001934609e-02
9.029804931090792963e-02
8.750425825904584176e-02
9.295233960129785367e-02
8.724996514520121094e-02
8.796746020968614077e-02
9.522081580105738741e-02
8.644337177107562498e-02
8.765075067614065685e-02
8.534119138446109865e-02
8.556555925967179732e-02
9.948333143810206280e-02
9.046224866694455025e-02
8.522205577736256810e-02
8.634325611773648046e-02
9.246226589412996633e-02
8.685926372471042267e-02
8.748559537562046462e-02
8.590116122541327504e-02
8.915293432113197136e-02
8.817277332466262607e-02
9.636448558359940464e-02
9.824899367754749702e-02
8.667762837522111075e-02
9.823652597667387187e-02
3.500217994159852686e-01
8.943814156756879630e-02
1.220279134480678485e-01
1.179226343531344090e-01
1.057776762062460907e-01
9.196678248788760224e-02
8.507159233819620858e-02
8.507734743967164392e-02
8.595273977083706107e-02
9.103676391584417105e-02
8.506638796848353667e-02
9.175839811936785384e-02
9.316902674368400528e-02
1.051015800905509695e-01
8.824494701384977269e-02
8.507769926726820031e-02
8.765246339758718530e-02
8.720565459900916916e-02
8.906421978543033191e-02
8.727279674688909195e-02
1.430806190598089001e-01
8.772839069882182317e-02
9.493744943513345025e-02
8.505924439803314030e-02
8.768148679902824927e-02
8.833920889235452600e-02
8.897991283491028802e-02
8.809974544708462640e-02
8.709849485961182469e-02
9.122080370490748269e-02
8.661643609553890122e-02
8.716155043645019973e-02
8.653667562642863853e-02
8.573468726959262987e-02
1.347505033620707837e-01
1.072432551756750951e-01
9.601015961132375320e-02
9.275240885587114625e-02
8.827540143922608940e-02
8.591410886589886942e-02
9.562775985290583591e-02
1.135108240033448485e-01
8.696975381602818633e-02
8.997373062833857738e-02
8.685345003202463166e-02
8.609232263274972652e-02
8.676324404911961441e-02
8.662704438825130637e-02
8.637434810907176908e-02
9.325183849727503027e-02
1.001070171856953822e-01
1.020420507656142478e-01
8.788000600966842935e-02
8.606683385215917192e-02
1.119885949206591291e-01
9.393704571889019417e-02
9.977923095594566638e-02
8.643907405205182581e-02
9.102221896988467453e-02
9.826895765844899377e-02
8.931022900326994474e-02
9.516459994967256530e-02
1.022219716745936535e-01
9.180451067388820108e-02
8.950460160657494613e-02
9.475501977027013523e-02
5.479175687917098303e-01
9.265381946481086872e-02
8.872436524597031304e-02
9.649827139869400494e-02
2.375795033477305640e-01
8.614186651302960240e-02
9.347445868584361439e-02
9.133039059923814262e-02
8.858983568326547764e-02
8.727352679886707376e-02
8.598048054481571834e-02
8.677578846056546724e-02
8.970884721377957172e-02
9.873870665040639094e-02
8.705391899829494073e-02
8.737563753102252362e-02
9.520985058992478822e-02
9.976234869653226311e-02
9.329189660484218938e-02
9.348489002882436061e-02
8.749374664681676406e-02
1.023465912005078332e-01
9.347840031036196151e-02
1.195852499917321732e-01
1.083125373499159855e-01
9.841022040802543946e-02
8.469211337160673092e-02
1.054373028275419344e-01
9.097939375413861829e-02
8.802165892602199782e-02
1.184357515963660040e-01
1.012946005894324875e-01
8.665668592530066661e-02
3.155108841590412161e-01
9.072727932338395251e-02
8.692327493365228919e-02
1.978952591354121993e-01
1.050195623521540667e-01
9.054790345052772527e-02
1.078730134371992111e-01
9.390874464207858707e-02
8.777687429588562629e-02
2.850056448882594129e-01
8.791809081307445928e-02
9.027745146406768173e-02
8.566629414234784579e-02
9.065036589259999056e-02
8.589172658307536734e-02
9.023814016858534848e-02
9.079748462292148992e-02
1.025064975882724189e-01
9.597967030029971869e-02
1.020968884164812213e-01
9.313326272541712358e-02
8.746822350163234450e-02
9.403526204926443421e-02
9.241393079384489784e-02
8.937665852891690799e-02
2.832957526199260667e-01
8.891147271605426283e-02
9.085305841466563559e-02
9.029303623976583926e-02
9.036554499254000061e-02
9.372457095248631909e-02
8.796943015351965656e-02
8.777880863216509788e-02
8.759448623450306892e-02
9.290382256552537354e-02
9.639041762960588733e-02
8.743568670528489850e-02
1.051472645894300506e-01
8.551612880359744928e-02
9.722371620304334772e-02
8.727640117651885854e-02
8.831368957604429637e-02
8.515721936469851372e-02
8.669722942983619507e-02
8.525024375315388980e-02
9.733731723783752010e-02
1.095423723857699011e-01
1.025270502474885798e-01
8.770673263337776249e-02
8.886175265154072633e-02
9.011150155682196017e-02
2.289577296619954294e-01
8.914849489206665145e-02
8.393731684280651695e-02
9.894690665450528444e-02
8.368253366435811358e-02
8.938295811349819542e-02
3.416595992602362575e-01
9.444110574873046393e-02
9.336682498407972153e-02
9.502774121055800050e-02
9.044328748143740104e-02
9.374868712864113662e-02
8.780371653629495676e-02
1.511938694711283671e-01
9.205652123849568380e-02
8.992490652873313950e-02
8.863284959907036242e-02
9.271869515502417780e-02
9.291513895056610628e-02
9.597093915489064708e-02
9.075900883548833342e-02
8.615261143483975148e-02
8.942036762328120503e-02
8.791362609836350650e-02
8.995196813912016698e-02
9.183607408673284678e-02
8.876246725451193698e-02
1.015742713165549010e-01
8.773297268928553772e-02
9.166894010339818322e-02
8.774803570732256364e-02
8.682850391110394361e-02
9.006211543440864609e-02
8.932607423055963225e-02
9.543991544928961956e-02
8.914116820844546207e-02
8.869079994960382685e-02
9.927734469092110159e-02
9.387426266563417276e-02
1.056382793731509839e-01
8.846198591644084674e-02
8.690219480038424704e-02
8.659986963786794889e-02
8.995878777791195546e-02
8.898227339682919512e-02
8.937684815460246457e-02
9.210557668653102104e-02
9.330348610457425695e-02
9.135763331270571608e-02
9.638227733191172264e-02
9.128166158918712969e-02
8.642570846333860746e-02
9.159081645058961274e-02
8.894464152388566192e-02
9.050009796602127843e-02
1.018330750584190009e-01
8.750545889114447196e-02
8.959937901507963876e-02
8.839405021308205379e-02
9.483052184277894481e-02
8.774048769945705373e-02
8.411612574124230357e-02
8.834595429968923608e-02
8.843667913418337689e-02
9.031362193573819197e-02
9.516772702345888124e-02
8.975379152456766652e-02
9.354837200542440168e-02
9.192021953752227414e-02
9.132012304440155492e-02
9.049013383129346499e-02
8.446977834948904418e-02
8.619661289252440739e-02
8.666853010063559071e-02
8.698496850444782658e-02
9.055976018691838658e-02
8.795249183290414219e-02
1.304985744639015066e-01
9.518770972829496135e-02
9.125081833428415334e-02
8.857433607947806653e-02
8.661413779096202581e-02
9.798903515594274694e-02
8.534198182243828146e-02
9.368263989986763685e-02
8.374685206745971500e-02
8.841994212859886904e-02
1.547692867229989444e-01
8.959328966764910918e-02
8.733371790480412566e-02
9.628156868413520475e-02
1.062290791177393501e-01
1.023718762237361690e-01
8.873923110082404531e-02
8.993505725930972527e-02
9.344954749523651238e-02
8.972317038320601346e-02
8.705419965509147984e-02
8.559891129012850430e-02
8.752546492345175677e-02
9.212044581869406612e-02
1.043419384560490409e-01
8.822967486243034341e-02
8.763798361332277020e-02
9.538488382066452609e-02
8.594752727625638855e-02
8.968904425614430964e-02
9.082998350988875924e-02
8.921270712892601096e-02
8.556030001860909229e-02
9.127045526645405360e-02
8.602738029537386477e-02
9.135909029017490190e-02
8.970423262887332327e-02
8.648220255890411157e-02
9.196495124871062465e-02
9.992126860927612320e-02
9.033425488734003750e-02
8.625987534963518166e-02
9.374807597253834168e-02
8.686730934108609359e-02
8.980636073909958883e-02
9.065502604367382811e-02
9.631574925181833613e-02
8.796157611926390396e-02
9.299961443783741344e-02
8.585567371134879278e-02
9.163847691192372746e-02
9.480055812749046962e-02
8.970586494875376626e-02
8.445471916042723848e-02
8.919020325785290138e-02
8.405428282968162301e-02
8.678749319055253930e-02
1.038472875563474784e-01
9.393099467118343204e-02
9.125556490659925135e-02
8.804935208874882513e-02
8.975377324933142553e-02
8.420221965051803703e-02
8.409136218935504836e-02
8.738275324255884158e-02
8.753511937757904593e-02
8.949511036836842182e-02
9.113115082538816858e-02
9.072868041402577799e-02
9.444508333945990375e-02
8.496609847475386501e-02
9.389492913536602592e-02
9.334419789881577556e-02
9.119219062802312592e-02
9.361437061466794385e-02
8.674273707857478588e-02
9.203000866361164822e-02
9.544175434629775800e-02
8.726513658318094113e-02
9.208748467476762789e-02
8.820330703674753026e-02
8.897097618092741911e-02
8.516887247519497328e-02
8.467617359731498261e-02
8.664941815922916346e-02
9.275799611024103386e-02
8.573480798354718435e-02
1.151223820865636682e-01
8.928733564680930990e-02
9.310804383639477433e-02
9.755787279722714922e-02
9.412450950615786072e-02
2.484073710821897429e-01
9.299912929961801078e-02
9.148009207748820926e-02
8.957227380472303213e-02
9.425339763756286626e-02
8.952025101683910857e-02
9.113292881179699267e-02
8.509173505950945460e-02
9.346893073293735532e-02
1.201249483780059690e-01
9.122727439709593655e-02
9.322518076613149629e-02
9.620872870481497752e-02
8.968520242352717720e-02
8.778002890301933592e-02
9.180181267108047938e-02
8.922741451647160649e-02
9.220618734047533738e-02
9.372103647721728714e-02
8.427831739362759422e-02
8.696945606280202801e-02
9.310918694339626045e-02
8.498764144224298100e-02
8.421739269863447175e-02
8.507664585672472524e-02
8.783111915626033717e-02
9.604523298282581500e-02
9.261961375917218686e-02
8.752531227023058191e-02
8.820225045140625553e-02
8.827894001750148656e-02
8.685908567755547260e-02
8.894211621259399958e-02
8.529841774705439195e-02
8.671834880577126980e-02
8.636968005691857131e-02
8.637164604298246118e-02
9.009861831124978127e-02
8.992694598688044660e-02
8.709498548447278110e-02
9.020016224449289854e-02
8.807614998293196440e-02
8.744036633053080265e-02
8.622080245584919089e-02
8.562340376884029769e-02
8.619346929200275009e-02
8.914644860623606448e-02
8.992136017217373933e-02
8.983044233541270795e-02
8.707888755482831589e-02
8.653822901110590216e-02
9.222862589375616094e-02
9.223772262830717827e-02
8.949577225452280682e-02
8.803138097428860054e-02
8.696191760066750154e-02
9.866111423839551975e-02
8.771904084203191454e-02
9.389035506421868071e-02
8.802860361964127967e-02
9.333322402635718662e-02
8.707570809677321610e-02
8.871388586787906649e-02
9.591741520459085013e-02
8.552404901101301471e-02
8.965120702281732801e-02
8.648983824210243476e-02
8.743425731624233921e-02
8.646264487041072089e-02
1.363157509947605928e-01
8.654028384233698745e-02
8.932454955462684754e-02
8.929165430128749303e-02
8.900402967652204511e-02
9.071610105379163125e-02
8.911147419147870397e-02
9.021586600505612785e-02
8.989160748027517911e-02
8.988141735400417831e-02
8.722010923606543509e-02
8.659409704365303440e-02
8.530681965656727872e-02
9.491458596884992660e-02
9.021614104475336737e-02
8.900904269234977129e-02
8.794405661986839928e-02
8.926576173487610344e-02
8.858671226405591403e-02
8.959582135638410882e-02
8.890911748138520532e-02
8.983430300237522925e-02
8.775733613687468349e-02
9.802010511278243243e-02
8.852034151079789248e-02
9.227057141271439999e-02
9.881869349289716664e-02
8.837857447277328027e-02
8.902995456994042267e-02
9.313120580291224526e-02
9.659343737566157551e-02
8.654051474757587514e-02
9.074752675821158576e-02
9.172393710689191737e-02
8.531643762397572717e-02
9.073745579600300815e-02
8.588951901678480716e-02
8.904415447857802479e-02
8.975169413413773556e-02
9.059322654802645647e-02
9.045975934401109808e-02
9.058561447699210734e-02
9.099198460874743932e-02
9.118306859454639035e-02
9.277057383677556057e-02
8.747061012548373871e-02
8.548314694779854395e-02
8.859912785565000892e-02
8.772533560089783300e-02
8.874446667345640971e-02
9.040102591452858771e-02
9.613256956135800280e-02
8.475967050969844541e-02
8.782960896008491780e-02
9.720732438815139764e-02
9.026579434330971041e-02
9.269614992788632879e-02
8.890349913885250976e-02
8.978258304431221970e-02
8.564683141985104942e-02
9.058434965320297239e-02
8.932157382525661438e-02
1.159541211850063924e-01
8.581620224148016340e-02
8.839675684977088554e-02
9.439296060386399845e-02
9.552070499373715995e-02
1.081357184719330677e-01
9.504734617855151169e-02
9.465497427088177818e-02
8.483670081738796387e-02
9.988524207827426116e-02
9.168027810515430587e-02
9.068971211734133675e-02
8.745610829231992289e-02
8.685584722797413948e-02
9.623523588662935557e-02
1.397000477182160916e-01
9.423830731315920028e-02
9.698581385878699002e-02
8.519603639999748235e-02
8.733050369966953441e-02
8.782971507680714662e-02
8.592174833608819118e-02
8.444308144192062826e-02
8.572654654515746153e-02
9.312952281858734305e-02
8.690265435058622256e-02
8.941664583037801928e-02
9.146737116467990036e-02
8.964734339606000857e-02
9.089943821741715280e-02
8.838953595818808961e-02
8.962227848837490962e-02
8.598436526372048305e-02
8.572020137443536747e-02
1.029816110145157504e-01
9.387425452429740136e-02
8.631434169201666895e-02
8.701165435947240401e-02
8.861406786378883682e-02
8.588351877738881202e-02
9.273276479892139657e-02
9.054075455642136838e-02
8.959616578943781218e-02
8.520256081957550132e-02
1.050658688097836635e-01
9.260597927557079334e-02
8.777323644862737584e-02
8.604910957534370186e-02
1.089399899462518972e-01
8.697697155938832747e-02
9.628624966238776006e-02
9.403323851103495556e-02
1.029813280786553570e-01
2.090793832884514369e-01
8.509590730612032194e-02
8.515727800116972002e-02
1.431455097973836632e-01
9.392451257307443679e-02
1.004808114128838831e-01
8.619815497809020510e-02
9.297404819184512670e-02
8.475970024404939906e-02
8.779497629313483265e-02
1.372099956411344801e-01
9.823067105392548071e-02
8.926305259195418951e-02
9.441446610238650450e-02
9.063172361286797596e-02
1.013407754585956000e-01
1.426990491778106773e-01
9.049894025201939141e-02
9.174472849119298667e-02
9.333874784564383242e-02
9.371216816711992748e-02
9.285579804768155643e-02
9.426317332272811378e-02
1.554561500279749986e-01
9.253507075718871155e-02
9.177908076937968396e-02
8.582547106969758144e-02
9.367712813267004002e-02
1.208155339896693353e-01
9.187931949324465442e-02
9.111861243316558834e-02
9.143657938516261408e-02
3.960382669472193862e-01
8.955748575263440536e-02
9.505330336983658368e-02
8.530818074765116055e-02
8.693376061347130035e-02
9.511389421381478970e-02
8.590727271335937831e-02
8.462443384925827372e-02
8.529327098542284491e-02
8.896188228551399346e-02
8.463056962083313761e-02
1.417878691656626611e-01
8.444415476171794610e-02
9.067964805250294802e-02
8.751690081967776480e-02
8.568765597776333010e-02
8.429067793232301875e-02
9.116447147326121880e-02
8.707396632756232713e-02
8.417046597218483250e-02
1.140434195973217407e-01
9.089947988719221383e-02
8.457004412147066386e-02
8.497124235688538474e-02
8.355366258648964928e-02
8.590549590976635785e-02
8.649245891950220477e-02
9.175591524622885020e-02
9.178324173391289031e-02
8.496369316432447749e-02
9.034365655657747296e-02
8.472014576293605825e-02
8.451313055180281752e-02
9.524279770661191191e-02
8.833257347980312535e-02
9.412784989796049717e-02
8.827692898099730179e-02
8.512438175151122721e-02
1.005767516419380642e-01
9.316536800248073624e-02
9.842007467661349762e-02
8.670770326257860872e-02
8.737428009740107193e-02
8.593531144373815767e-02
9.187697838470436362e-02
9.946464167725425909e-02
8.509564321686279020e-02
8.514804264845293735e-02
8.382274418631718849e-02
9.788966235832344265e-02
8.725630337114602397e-02
8.673651933551512760e-02
8.713806859598084709e-02
8.606902333813699901e-02
8.707138969313729659e-02
8.697567911943798746e-02
8.419501458321278220e-02
8.780109709641485682e-02
1.072167538494027961e-01
8.457867332371490909e-02
8.516822259858046473e-02
8.459295959596536962e-02
8.834970716752862940e-02
8.662622719759534295e-02
9.071710206475737392e-02
8.644961257813349453e-02
8.626941108703417571e-02
9.708444587582716612e-02
8.660237763359096563e-02
8.722481918104285636e-02
1.622087000745545682e-01
8.613703706215926348e-02
8.594048885941785176e-02
9.124783677884856781e-02
9.099384521969293427e-02
9.171360063642099159e-02
8.494224345452877634e-02
8.610751427820195758e-02
8.730448897322740098e-02
9.288043331234069333e-02
8.754986909056836075e-02
9.232105679627201911e-02
9.133561137839189825e-02
8.980778101378901479e-02
8.555197255923414901e-02
1.008435550308809103e-01
8.556974047813659112e-02
8.382130160849146638e-02
8.699719186023097128e-02
8.792934353209236331e-02
9.327238311042629348e-02
8.972651822319606396e-02
8.482239756453631430e-02
8.457208380643456425e-02
8.335733515014134842e-02
8.605611895303852399e-02
8.660495164405612734e-02
8.542896110703128432e-02
8.407722971981292093e-02
8.429277856551331549e-02
8.358653414418402983e-02
8.413268262377000817e-02
8.502088452144296316e-02
1.100854603521361913e-01
8.532855024128295496e-02
8.531282535260857613e-02
8.354987872966206097e-02
1.013743959124922961e-01
9.195423709813232982e-02
1.404004467572103065e-01
1.183854309585754827e-01
8.395743941055426596e-02
1.192395846711375301e-01
8.417569452747081238e-02
8.423770258053461801e-02
8.711234280504304150e-02
8.591287589688040294e-02
8.598489279980335576e-02
9.564039709758727359e-02
1.071518904482977735e-01
8.406707931719797910e-02
8.343279383716538378e-02
1.644641556900925117e-01
8.865743217030810919e-02
8.649860525870088634e-02
8.332924974596134238e-02
1.349570190941159487e-01
8.981460081793325723e-02
8.436468009298912774e-02
3.289758909627306660e-01
1.358105482149995491e-01
1.054209589174044115e-01
8.726158150431040372e-02
9.115154021114450777e-02
9.079886683136428882e-02
8.664876347251677935e-02
8.623001824364460999e-02
8.627605827125166271e-02
8.882944592729810629e-02
8.496674373048300477e-02
9.441637582822764996e-02
8.373471371632665305e-02
8.513425300005257601e-02
1.438409402846390350e-01
8.858653690193409036e-02
8.943677617860119888e-02
8.526812647195292083e-02
1.771523398656427439e-01
8.616611880320043659e-02
9.857542678809633196e-02
1.179426126928522084e-01
8.989638511397569920e-02
8.520463660746444012e-02
8.809411958821038169e-02
9.003002285253593195e-02
9.342029508322202691e-02
9.786884981945773165e-02
8.962979316267563612e-02
8.877324934493620312e-02
9.342013740599573735e-02
8.585722005797383205e-02
8.357218755088605122e-02
9.506032107838353895e-02
9.042033740305176204e-02
9.104938616279940888e-02
8.439075239984793197e-02
8.821606910304179150e-02
8.497104814702685638e-02
9.552264474084465329e-02
8.949767334526921581e-02
8.649683740444454039e-02
9.025512767126663005e-02
8.300940766683397032e-02
8.327450955163238910e-02
1.042471124724095588e-01
9.707145110464775184e-02
9.027971014001327787e-02
9.334073613143778481e-02
8.316390175661234063e-02
8.828684164567213166e-02
9.171411872620892358e-02
9.536432855788112839e-02
9.454846321766778583e-02
9.286385236790098419e-02
8.902803634292517920e-02
1.001495957525559977e-01
9.260968601629179786e-02
8.556201074264073447e-02
8.889463033164937689e-02
8.650027556573086640e-02
8.423262844420829898e-02
8.359256710390086664e-02
8.612011137561469132e-02
8.921786703436296317e-02
9.180651475118925542e-02
8.553424665818684658e-02
9.141738536194365938e-02
8.453813370483918843e-02
1.105416523745090807e-01
8.835665749592937213e-02
8.935856999312996596e-02
8.559972388348405237e-02
1.019565513712530763e-01
9.007479671686553779e-02
8.406265555831872460e-02
8.468348563288174979e-02
1.007315541677641646e-01
8.389182970534544981e-02
9.898547521701357710e-02
8.734166872785695257e-02
1.002550000473581837e-01
1.066165982728433659e-01
8.753472546063309490e-02
8.419054945617535091e-02
8.603153744188796193e-02
8.631876035825446214e-02
9.203635016369533794e-02
9.636075616560450807e-02
8.753309613173168580e-02
8.885186932494099077e-02
8.473659741228030395e-02
8.423849915692535606e-02
8.581873190500698134e-02
1.054620719140595547e-01
8.433481090831836113e-02
2.178006828792895255e-01
8.931903187851981951e-02
9.312109829762715840e-02
8.449802263580119543e-02
8.579342938536362040e-02
8.944408444854796969e-02
8.451822264971936560e-02
8.807516660503550421e-02
9.495085953131821022e-02
8.444122698154751805e-02
1.026942469516049783e-01
8.777695948386278479e-02
8.701486022730237080e-02
9.064140198624508205e-02
8.605564427184217435e-02
8.452447295015146078e-02
8.924971930239479490e-02
8.461041319717596543e-02
8.885454458809559364e-02
8.723858484046637107e-02
8.463163783311664079e-02
8.749286529303276772e-02
1.017494371582636226e-01
8.428915074938266028e-02
8.775287038659392025e-02
1.009322030448287361e-01
8.748738811448440733e-02
9.148917676452152092e-02
8.745995039182571928e-02
8.559642922098786855e-02
9.200891194937929618e-02
8.807544438977847612e-02
8.658501466227763732e-02
8.742744561719109631e-02
9.264949704983034551e-02
9.289584286515625844e-02
9.417125840290677119e-02
9.164944191652646399e-02
8.630075421109240086e-02
8.498083141288932663e-02
9.881788061144422541e-02
9.374634224957630046e-02
8.747910340887035674e-02
8.816527079236222142e-02
8.477569197854782634e-02
9.182806217691813488e-02
8.532216696213215656e-02
8.490759213084754509e-02
8.486027280628330449e-02
1.046417822519506713e-01
8.592237390984652778e-02
1.017422298359669658e-01
9.408813166634845404e-02
9.191109096642800791e-02
9.379957861358731441e-02
8.520628569808008645e-02
9.519626469569217320e-02
8.510304528482665054e-02
8.381601335472727010e-02
8.441880584899039142e-02
8.887161516413492890e-02
8.543968006012948868e-02
8.890575320928638392e-02
8.980158048034568574e-02
8.552304480380079621e-02
9.134286951555158074e-02
8.970746705745351324e-02
8.717197734310634660e-02
9.118903542339770740e-02
8.465460368904045851e-02
8.570737030247016497e-02
9.473648641288195948e-02
9.577776212251699894e-02
8.565532058933526816e-02
8.510123802240121549e-02
8.919831500212746511e-02
9.871614673837740550e-02
8.943264493134131521e-02
8.786262907248505727e-02
8.884713928863535726e-02
8.626491061928438786e-02
8.710349212166776378e-02
8.465903729277962642e-02
9.206116163774556715e-02
8.888982324511304767e-02
8.682668674250708374e-02
8.672822556371011238e-02
8.799776672955246515e-02
8.765692319589951653e-02
1.248642190388730144e-01
8.853495865809635212e-02
8.479538729412161580e-02
1.261177844489083100e-01
9.565223569216231569e-02
8.585093418844584601e-02
8.655696659031267282e-02
1.250091508161703113e-01
8.556350647633574613e-02
8.598262917794113891e-02
1.007228534437316358e-01
8.981128183002243248e-02
9.161989576576289040e-02
9.459792842950227876e-02
8.677461112125940679e-02
9.270709397121085216e-02
9.355792977597744697e-02
1.041570013140315359e-01
9.472571975092231034e-02
8.901419822820343108e-02
8.883359259877572633e-02
8.665928799715794106e-02
9.063934809302223727e-02
8.834077478443110032e-02
9.000157782426029818e-02
8.638330565781175696e-02
8.682430717296028833e-02
9.135701119953411331e-02
8.801636363433164301e-02
1.375546050923072972e-01
9.625221921262805402e-02
8.781639803891325147e-02
8.642721787355781005e-02
8.540483656443850768e-02
8.734688566076072302e-02
8.643078075631646651e-02
9.606348438071006524e-02
8.945154078397100916e-02
8.931140680247059982e-02
8.880399183195371304e-02
8.656601722579868041e-02
9.042229551535024834e-02
8.738591052074022592e-02
8.496995478647886846e-02
8.534507928039598845e-02
9.286146184752926136e-02
8.706487502433761516e-02
8.603495752716358580e-02
9.776823694523532893e-02
9.087896295902360422e-02
1.417911798055912775e-01
9.001154113069127771e-02
8.792256894962610647e-02
8.359595061075045241e-02
9.305218158620459645e-02
8.704704096630380694e-02
8.932263218074903977e-02
8.749879697215269536e-02
9.109194229938086251e-02
8.817678343552717846e-02
1.017342333559700385e-01
8.504368585741643727e-02
8.921915386226880740e-02
8.481322760966385210e-02
8.421494902506840297e-02
1.055387592408451314e-01
8.690057557422023460e-02
8.667846686258073863e-02
8.850161890481639260e-02
8.935676702611332345e-02
8.667709089222083718e-02
1.043036782784328431e-01
8.842293294912832724e-02
1.012673745647481166e-01
8.464204251649674882e-02
1.001250405107148578e-01
1.054577356072170236e-01
8.706019327943671782e-02
8.453871575571419994e-02
8.746041165473360246e-02
8.795097925325563726e-02
8.653523392822172478e-02
8.916550352331875651e-02
8.798928833953546802e-02
9.187092810679575727e-02
8.488021336281624529e-02
8.606471064151205441e-02
8.878362900731079366e-02
8.714596794751726383e-02
8.664416807943338406e-02
9.460348444470721707e-02
8.775701715776687561e-02
9.159582794701773278e-02
8.635071956242583446e-02
8.942207145814193292e-02
8.827941830104334142e-02
9.808436834585781972e-02
9.220465204814609628e-02
8.864906605510215754e-02
8.506456799950226633e-02
9.673997152894971141e-02
8.470466359986940363e-02
8.453903154727343550e-02
8.845827433547656660e-02
8.711930121681292494e-02
9.015663800220098667e-02
8.751940763238588716e-02
9.603517453481504040e-02
8.647813103381499222e-02
8.689380829767287540e-02
8.724145659926187124e-02
8.538216937351190972e-02
9.372919893963350957e-02
9.572371365505528973e-02
9.433244798505130424e-02
9.241726023757401709e-02
9.016875087645928599e-02
8.749408764338699462e-02
8.608193416437172341e-02
9.152022052388054940e-02
8.801185256453578076e-02
9.569544057765690115e-02
8.429106043791077807e-02
9.785756899908537587e-02
9.571187713623729998e-02
8.823697208815776960e-02
8.420344437762977696e-02
9.147357455334441390e-02
8.744777733238948136e-02
9.021894328593524359e-02
9.001302039312499004e-02
8.703502791685201190e-02
8.887189099754190524e-02
8.933658312751022179e-02
8.709138176168725043e-02
9.698363617567075379e-02
8.807320011650308922e-02
8.781575760305669609e-02
9.474238841881393869e-02
1.029949258954094421e-01
8.569242303280032169e-02
9.787306305374425530e-02
8.962956395963056488e-02
1.099066190276189181e-01
9.087784024671732852e-02
9.031282342531965490e-02
8.869791257659394301e-02
9.058818738512011692e-02
9.385521221088267974e-02
9.367760544709899384e-02
9.227541386943037549e-02
8.621058092014792507e-02
8.693151806530441394e-02
8.620276943526263003e-02
8.604573906026652397e-02
1.008287879016315780e-01
8.798870151096378767e-02
9.455949545844354043e-02
8.774762959364222625e-02
8.957545102176014962e-02
8.950781934517446081e-02
8.655487589574920038e-02
9.605181973237933435e-02
8.918665017544573359e-02
8.717189234068453696e-02
8.830719677707976611e-02
9.415182760516749294e-02
8.438605075703221881e-02
9.703034239010746576e-02
8.640450199691203370e-02
9.029945837562607103e-02
9.096798022744922996e-02
9.656065524094455121e-02
9.425949927607923939e-02
8.506751446402961714e-02
8.922494286637547289e-02
1.005819091865745724e-01
8.961246184252989744e-02
9.249847762921900585e-02
1.020144889232040691e-01
9.466754536025044631e-02
9.286306332639621131e-02
8.841941642818071379e-02
9.473631970346986508e-02
9.298613558436946702e-02
8.795675779226266866e-02
8.697787926532352110e-02
8.753361552128889611e-02
8.442503859930919341e-02
8.892746263218798131e-02
9.685818385456597401e-02
9.237743941194360986e-02
9.023999492135266476e-02
1.181299999067130513e-01
9.010643525598172054e-02
8.883207345080944284e-02
9.282114550127806840e-02
9.419862400952956627e-02
9.773604851980775832e-02
1.081788881868836621e-01
8.808497366399731243e-02
9.004664705184448059e-02
8.867490457069913956e-02
8.821282191613007140e-02
8.787387730605746017e-02
9.036402393204397143e-02
8.521736275889810197e-02
8.545755885775055405e-02
8.849850059820725534e-02
8.863562011134548668e-02
8.674021042368455781e-02
8.816779024608512039e-02
9.236708445163741010e-02
9.700925328213465260e-02
1.004249827510560050e-01
8.895193780867492739e-02
9.889465901563924966e-02
8.811437040820516153e-02
1.010714063140312063e-01
8.500815061949176799e-02
1.003261993931125334e-01
8.981961820484936354e-02
8.803747983525073151e-02
8.715245914822915274e-02
9.102568940625251070e-02
1.179121939772812266e-01
8.544161463666592737e-02
9.054394513092405006e-02
8.487757251061957275e-02
1.037567431651739008e-01
9.358204161336362847e-02
8.690090480477001555e-02
9.253190013235081113e-02
8.453214544870016334e-02
1.033050371538012518e-01
9.072208218552196834e-02
9.823536119836936975e-02
8.426509090943003211e-02
8.413929647016382685e-02
8.788556120460977450e-02
8.872581417250428870e-02
8.866113077905485307e-02
8.623737801531568270e-02
9.044860757118121375e-02
8.835280381800866834e-02
8.640162437342097101e-02
1.013695068438490582e-01
9.699941802793606016e-02
9.010575753166839841e-02
9.137976986847577698e-02
9.338723922790571896e-02
8.984740290118506389e-02
8.529076745685545968e-02
9.426558514609596762e-02
9.166209807108299801e-02
8.903915967128869791e-02
8.746815991081230424e-02
9.113622942162279139e-02
8.883721994260639077e-02
8.666002556094368203e-02
9.735945039515277177e-02
8.763982218805550783e-02
8.633285223133860264e-02
8.763450959924712347e-02
1.005923955877767589e-01
9.662432181044176838e-02
9.203318105798299897e-02
2.011133163229826826e-01
9.664241630908695924e-02
9.705354441784165564e-02
8.737401932360909507e-02
8.936637506977235246e-02
8.851243330676053511e-02
8.603045193290191628e-02
8.618287680939989981e-02
9.270855860942397997e-02
8.614173196062399618e-02
9.063140749301745736e-02
8.635386009360757065e-02
8.575007734139064586e-02
9.596309197709984584e-02
8.787990356549869875e-02
8.712618355546741800e-02
9.447061322754608803e-02
1.451887697494471385e-01
9.451002966017998941e-02
8.517060727244764318e-02
8.647820727355819137e-02
9.165850856298914107e-02
9.238919103315768044e-02
8.595431526589268623e-02
8.770684784067907247e-02
8.645489981147666536e-02
9.290509936842375471e-02
9.393043062446658487e-02
8.574111441141198109e-02
1.009205051349792159e-01
1.023822485931634024e-01
1.057824556663077564e-01
9.298425375622926259e-02
8.749101359733099659e-02
9.292417654836294949e-02
1.311866473875568373e-01
8.641538896891932942e-02
8.625581429238195208e-02
8.701234433094874599e-02
9.479199125949916427e-02
9.520972855609627361e-02
9.300655297954688039e-02
9.666067266236902378e-02
8.558774119026864302e-02
9.199810802705178647e-02
1.020526953189865582e-01
8.682836565859940181e-02
9.171212921913356186e-02
8.574065928388951985e-02
8.638486648662252465e-02
9.657473660023022100e-02
9.790029849316446431e-02
9.127305243818543967e-02
8.733515967083875509e-02
9.144200434630622709e-02
8.890476309778040653e-02
9.828876224049198917e-02
1.040055945169279655e-01
8.946287768815051888e-02
8.825563753942738954e-02
1.020743192717726566e-01
1.027896095340396915e-01
9.105718957338772290e-02
8.811071533017281188e-02
8.646899406755877149e-02
1.007589734154178962e-01
1.144940960778254441e-01
1.030953101383908360e-01
9.331321129468359010e-02
9.925981071203222872e-02
9.396033586372398716e-02
9.159390260886256241e-02
9.614113584284837699e-02
9.240401433201257675e-02
9.581365161997698610e-02
1.488631044722869834e-01
9.832099254614193318e-02
8.603120413868234340e-02
9.132953372358211530e-02
1.396845615225695281e-01
1.000758561137424507e-01
8.849161604122574021e-02
9.254831064955006126e-02
8.629126037903245283e-02
9.116504939163426469e-02
9.773544289908835114e-02
9.355610872860156690e-02
9.238228314292432075e-02
8.958707751879740888e-02
8.661842326425667205e-02
9.145122989357228060e-02
9.204248761692904179e-02
8.939281277198268816e-02
9.596118949404569554e-02
9.228300916399712062e-02
9.162123500160634926e-02
9.082875700611255099e-02
8.954615917617163301e-02
1.291785649294841520e-01
9.938656229056057334e-02
3.005636971174226457e-01
9.559537406713858321e-02
1.300519193504771909e-01
9.252656334347035549e-02
9.353055604920060273e-02
1.145953025522242902e-01
9.809091357401890365e-02
1.259819099372281870e-01
9.420232908431802610e-02
9.389940311604461076e-02
8.780073323439567534e-02
9.393017941685491423e-02
8.947850933918026495e-02
8.443302120096134178e-02
9.617520567386381170e-02
1.290676356155964211e-01
8.435004475124732726e-02
9.212416512471896524e-02
8.677420060325673201e-02
8.474804738380296854e-02
9.333752202756318006e-02
8.586268220767445669e-02
9.418913835619800723e-02
8.784371342337539412e-02
8.768184977040498207e-02
8.537382554307886007e-02
8.861201111495971283e-02
8.586735299775180574e-02
1.431285244068067064e-01
9.077417101468462923e-02
1.223635806299114420e-01
1.025259917910258944e-01
9.175108330978046234e-02
8.779258428607776554e-02
9.834282278998014715e-02
9.172783173989919325e-02
8.795141522085565822e-02
9.773904334435826180e-02
1.135540277194614506e-01
9.169589587653491358e-02
8.777364108319019032e-02
8.914706285218909620e-02
8.950714626877963320e-02
1.124138533938690426e-01
8.636721706718158975e-02
8.941659712917794656e-02
8.888983573848006914e-02
9.638257493632459982e-02
8.956498315813943289e-02
9.162644459389773788e-02
8.910959619092251316e-02
9.216583713553377910e-02
1.147195111910305210e-01
9.376220985122203644e-02
9.076024470104188113e-02
8.623376642460237052e-02
9.071839033689836629e-02
8.972132432053173123e-02
8.681294071346862262e-02
9.368117861854707851e-02
8.891888379828097322e-02
8.801936082917687088e-02
8.714168085464504832e-02
8.613944322492991801e-02
9.053990882310913868e-02
9.301304257720448276e-02
9.102586970752761519e-02
8.800645797971418105e-02
8.650439401841114595e-02
8.621169455258534398e-02
9.347223368235843544e-02
9.452751635388416396e-02
1.267612317573451053e-01
9.479594968305743441e-02
8.701544794397905735e-02
1.302543239498698269e-01
9.323311049468249734e-02
8.819036094885272792e-02
9.370709761219576939e-02
8.681052422899913912e-02
9.297137362471240285e-02
8.769993905937169265e-02
9.279575436738862759e-02
9.002764222637830993e-02
8.995268518384590128e-02
1.031489151414800853e-01
9.497094182341371538e-02
8.682959585150593074e-02
9.592788509576101463e-02
8.616678820066912825e-02
8.987951891390429104e-02
8.858400233737923068e-02
9.401051990008239823e-02
9.105997131709621384e-02
8.838601712698555823e-02
9.081549929139677568e-02
9.332726867923107905e-02
8.731023382349974160e-02
8.828864258506081975e-02
8.795348646576416074e-02
9.281240440158677885e-02
8.791974652624946762e-02
8.542795454626464502e-02
9.416264442165604709e-02
8.819813314474608812e-02
9.400018280422957340e-02
9.037994184477907145e-02
1.273552186742049341e-01
8.892497373247852666e-02
9.229488119146167513e-02
1.099476005981878113e-01
8.877512932797590461e-02
9.136938258505164501e-02
2.327614070068043106e-01
9.340981620380231498e-02
8.909859973862740978e-02
1.012735781632126825e-01
9.289997826579698970e-02
8.973261251271090477e-02
8.499252744282360938e-02
9.623104236864633843e-02
9.379652422629838893e-02
9.555628631303920983e-02
9.547639548739753068e-02
1.127145553727039451e-01
9.075589563702934903e-02
8.853883528166107963e-02
9.608371599431278498e-02
8.498972127684213673e-02
9.010218326591745708e-02
8.935611022593906161e-02
1.070078975142223637e-01
9.248436364127429754e-02
8.941651191397512188e-02
3.252276059439991318e-01
8.731530406426347979e-02
9.949275728248001271e-02
1.073891792975607135e-01
9.681740924315597463e-02
8.821128057150776081e-02
9.510923078727120950e-02
2.408862873541754157e-01
1.017043261987476133e-01
8.621556514258432724e-02
1.256198737043456304e-01
8.899139042365600272e-02
8.972447659901520989e-02
2.976825654994938453e-01
9.008231369297058089e-02
8.908646013980565936e-02
9.358724341386924495e-02
9.439450179315331257e-02
1.040712436544453112e-01
9.538605176746414727e-02
9.596745909011365760e-02
8.972690733635541038e-02
9.548689305217546164e-02
1.028751772326705477e-01
1.025736304239922708e-01
1.052028438891735584e-01
1.076852595851429950e-01
1.335707909111475133e-01
9.211423810474796137e-02
9.290525502830107585e-02
9.017724818002684217e-02
9.218515036381162708e-02
9.093015053621855692e-02
1.143360611219604861e-01
8.896736002225016926e-02
8.925249613170832541e-02
1.450522211278747198e-01
8.927492686361315766e-02
8.898744405483306752e-02
8.686698604412686209e-02
8.725580895983986451e-02
8.851458716502938473e-02
9.427271236085447981e-02
8.741509012807399670e-02
9.187870010876829363e-02
8.823025041751905717e-02
8.738502072736667459e-02
9.137530195603779659e-02
8.973986281774654072e-02
8.995199652911811672e-02
8.508460372633983027e-02
8.545208172347745768e-02
9.320418953511275251e-02
8.757451433507669469e-02
9.697083430231187573e-02
9.129149762431201798e-02
9.053299999246644525e-02
1.341733806307453536e-01
9.702897013415234806e-02
8.760978122214779784e-02
9.072864616655564041e-02
8.350869820780126851e-02
9.020876749085755819e-02
1.091632015786588167e-01
8.395330318412719262e-02
1.111584581549673739e-01
1.142857730597018617e-01
8.795804048010541498e-02
9.835093984960471825e-02
8.365719965584104967e-02
8.402117815822301994e-02
9.191804736359014683e-02
8.645986582652835650e-02
1.571282084382631394e-01
8.404756245945489701e-02
8.620465295776341685e-02
8.720204182056726094e-02
8.452394050172773454e-02
8.745716255109228787e-02
9.403455043969385918e-02
8.738963461325532922e-02
8.613345249593480635e-02
9.151945360688891473e-02
8.577523609001375116e-02
8.680778429730121037e-02
8.519125615483723324e-02
8.579353404472042643e-02
1.191288874563509598e-01
8.520773282709112606e-02
9.006394041760636127e-02
9.160657911907965634e-02
1.111010357484519401e-01
9.354659022668644630e-02
8.688582931341590210e-02
1.156287500639061883e-01
1.120341387407535610e-01
8.560695207138757645e-02
8.481405623344275002e-02
1.028843796875872352e-01
9.195388328253580046e-02
8.506452063939409780e-02
9.126482936577919036e-02
8.693483930014193894e-02
9.414762391239031580e-02
8.944181301037315568e-02
9.006392310722634298e-02
9.106302728889871523e-02
1.007935407099018882e-01
8.718575426276110873e-02
8.937548239307396836e-02
9.020308403783812434e-02
8.954952208976722783e-02
8.888319781011748411e-02
8.591761342765873166e-02
1.074865734039217174e-01
1.046755193067573642e-01
8.967953627753388890e-02
1.106893207501235543e-01
9.153238572275766705e-02
8.724637337349970545e-02
8.993352056170020314e-02
8.808565822459064887e-02
8.594167930856631832e-02
8.869496854729322366e-02
8.994348718091578487e-02
8.915356271750546346e-02
8.952183458886316114e-02
8.928923648344508357e-02
1.187471123674396362e-01
1.035711282629765556e-01
1.336172769632583690e-01
8.629820803205676127e-02
8.736547307146520780e-02
8.977685596464621276e-02
9.102791686501879309e-02
9.076278512842855806e-02
9.717611384970872845e-02
9.500552406283832574e-02
8.852443020833222764e-02
8.885351186839153537e-02
9.306921691605488101e-02
9.004281883203285597e-02
8.691576591506888771e-02
8.749305296064620319e-02
8.691097210916610971e-02
9.027500840188382170e-02
8.605529203681920591e-02
8.694088247874803832e-02
1.224283522850667522e-01
8.562891182903034637e-02
8.481810386637726740e-02
8.795327178280512581e-02
8.797832856033607762e-02
8.465341653278671274e-02
8.381057258237534224e-02
1.102467642728974379e-01
8.977330753404522135e-02
8.965270897598943967e-02
8.565375720529386228e-02
8.627829280915542964e-02
2.079386325909347577e-01
8.381831345120249743e-02
8.503828930392216823e-02
1.029735240202364066e-01
8.653839861999160221e-02
8.434752359058818316e-02
9.600384047477487914e-02
8.485431887666955442e-02
9.868618464584671957e-02
9.127786699302929685e-02
8.578808211395520800e-02
9.519798682368929565e-02
9.831214402988266987e-02
2.288636708431033284e-01
9.444479724873419690e-02
9.087926303333083988e-02
8.959918632432262164e-02
8.686867398221634340e-02
9.698349585095067393e-02
8.517002020492474290e-02
8.621264180191473558e-02
9.002789336571147272e-02
8.537934018860975083e-02
8.841190668143773801e-02
9.194862423526212192e-02
9.097470964033901875e-02
8.865641942333167547e-02
8.582672089863324638e-02
8.915827943821212631e-02
8.977927382384683075e-02
8.904640643789413224e-02
8.539747884096433872e-02
9.209591665176676545e-02
8.720339858339788697e-02
9.306676992712518970e-02
8.943378368829955904e-02
8.759810445630146492e-02
9.131833479999611203e-02
8.959562626172390409e-02
8.625425961612910586e-02
8.948140830041054206e-02
1.022406426713496908e-01
8.572060586093716017e-02
8.406135514262960684e-02
8.960926456864250211e-02
9.385569021447132121e-02
9.027378161210201923e-02
9.026313076770993427e-02
9.002269661818987356e-02
8.956382860712336358e-02
1.059191539732168424e-01
1.037825230830117657e-01
9.527150173012277623e-02
8.517350077219068560e-02
8.689794434394897127e-02
8.704363803587407411e-02
8.556022662553852687e-02
8.908571252742779334e-02
8.749157114389749523e-02
8.871136112019357978e-02
9.072701769828941942e-02
8.765999847249722476e-02
9.168872454315135645e-02
9.746191880390167595e-02
9.748244692870190742e-02
9.001771240586621536e-02
8.710046861189843503e-02
8.794075405684907698e-02
8.775176742433496435e-02
8.851498530522292074e-02
8.628129063027872858e-02
9.172475966985828288e-02
9.238219433752503651e-02
8.717965334526142640e-02
8.827049292547860249e-02
8.928562885856707043e-02
8.662330168650347884e-02
1.128212692476961154e-01
9.276794817101158275e-02
8.651612995975133114e-02
8.642605208218863411e-02
8.929005455384877998e-02
8.756409724319458299e-02
8.707028052002770135e-02
8.897651022067323834e-02
9.083505719029372205e-02
8.716036238509593248e-02
1.134771024525871447e-01
8.907378996198522803e-02
9.101325000553751876e-02
9.300133891633265149e-02
9.238877561891294110e-02
9.697516048729377947e-02
8.945963629521229421e-02
1.179011947441953034e-01
8.886334455155391054e-02
1.518330038233724477e-01
1.292864757266409537e-01
8.686547673296790562e-02
8.611938724784722055e-02
8.514577770461680128e-02
8.664547153100490839e-02
8.789929341147033337e-02
8.912828398179524492e-02
8.609903567913121392e-02
8.952133368017339832e-02
8.722371091069501536e-02
8.911344457924415263e-02
8.861350793344567600e-02
8.691056858519682904e-02
1.279578744954801006e-01
8.584233641933321224e-02
8.657560179493600794e-02
8.653611887981560447e-02
9.050100477081551853e-02
9.139326167468847517e-02
9.067813688682710427e-02
8.577483540444405530e-02
8.780531551066644846e-02
8.777856058260680161e-02
8.696908757396554224e-02
9.284156244344286824e-02
9.292297372258738475e-02
9.140760820650260798e-02
9.107938053492947716e-02
8.520746951379508383e-02
8.571707229463182420e-02
9.951028373688733386e-02
9.195375485847941122e-02
8.534868883953991570e-02
8.882166848926360825e-02
8.741353271551205451e-02
9.019736886039954327e-02
9.143592126916209872e-02
9.497956003849157558e-02
8.894350673698428467e-02
8.927549219448012441e-02
8.422331939696402203e-02
8.488503134766896274e-02
9.281944268854117053e-02
8.418425839373862296e-02
9.515752659132147018e-02
8.466005278306192039e-02
8.584682628718298680e-02
9.052260617036832213e-02
8.549305596177378397e-02
9.230963072750063281e-02
8.477960107502766074e-02
8.471058058948370550e-02
9.139711645808648588e-02
8.548508435512361392e-02
1.060963059957543836e-01
1.009730292075192715e-01
8.950076715526653071e-02
8.918668550972461140e-02
9.119859486300870011e-02
1.127600795055679478e-01
8.513790042779510736e-02
9.386585696765463449e-02
8.913927220491307812e-02
1.067674373299695584e-01
8.533880310650968082e-02
8.996109129189694409e-02
5.446567886171929107e-01
9.552219253648386310e-02
1.074900024199154230e-01
9.156291423528585549e-02
9.048470784650197718e-02
9.818625067185973720e-02
9.907353594840712097e-02
8.477156263977650430e-02
8.600785462158966332e-02
8.674407797929238606e-02
9.346464011028605967e-02
8.629743680110107951e-02
9.904041279632221084e-02
8.670512943602255718e-02
1.565005221508617983e-01
8.601677734036104750e-02
9.355745281956981407e-02
9.552193403120479154e-02
9.742411178469650990e-02
8.578524427341040204e-02
1.008006887951455460e-01
8.990820861355210136e-02
8.904050885067038568e-02
8.795368616318251231e-02
8.961706146425599262e-02
9.095893722841412454e-02
8.672038763108637360e-02
1.314140967826707140e-01
9.858055756113169588e-02
9.073966628234039766e-02
8.536812262234978743e-02
8.850935388334787990e-02
9.717165294207093240e-02
9.257862892769297414e-02
9.389973349123240109e-02
8.750796482348724425e-02
8.812065371200490660e-02
8.543246553677205646e-02
8.838082760466255128e-02
8.982745842752061505e-02
8.927576292320407725e-02
9.380073386014439740e-02
8.696710994615299006e-02
1.298070095218683551e-01
8.918266992954185235e-02
9.024358221513538447e-02
8.713306224694546132e-02
9.015113708231839440e-02
8.872886849459291070e-02
8.805602622020583525e-02
8.976164090923671735e-02
1.212159614083776760e-01
8.653156078394484696e-02
9.100454664163405705e-02
9.309825919639534708e-02
8.829609872938809501e-02
9.089393572490600537e-02
9.415478294056407738e-02
8.703628926053331993e-02
8.768932419575019288e-02
1.031820245529443542e-01
9.715120960030168562e-02
8.566820519114716481e-02
8.494394363454726982e-02
8.435244648733265793e-02
9.467188191644476669e-02
8.666280470109151424e-02
1.117474944625716921e-01
9.228897254197208910e-02
8.794890148681416830e-02
8.431354211383645936e-02
9.240029260363347152e-02
8.714642910630729378e-02
1.256839391254165883e-01
9.234905133817147838e-02
9.299831850431318492e-02
1.573616263059447740e-01
8.854424284665607381e-02
8.705506078700916972e-02
1.329988840187945887e-01
9.085188062602712888e-02
8.858432187483034070e-02
8.720691997302064402e-02
8.730623305799159461e-02
9.081292098057430762e-02
9.005171127446154333e-02
8.524739607271755726e-02
8.687378966216539877e-02
8.928263861046188687e-02
8.693300364296437099e-02
8.719052820743064536e-02
8.686736992139419689e-02
9.095434615872104167e-02
8.980709765053816740e-02
1.003516635606205853e-01
9.103367583006949371e-02
8.786020886427793608e-02
8.679624342732741860e-02
1.357959870803971125e-01
9.329445427353090514e-02
1.306658164673581424e-01
9.534791087107849505e-02
1.080298328961043636e-01
8.985842150492465152e-02
9.584168739737981835e-02
9.023352981508528381e-02
9.347349653417082183e-02
9.723910490638920656e-02
1.011842642906774781e-01
1.038987214969341738e-01
8.878392337492299613e-02
8.805834925974652394e-02
9.957282628676571157e-02
1.021336806296322952e-01
8.861923889668303633e-02
9.736682794478129788e-02
8.722894583556113635e-02
1.090836010326031308e-01
9.056689264073766732e-02
9.083671443163966741e-02
1.058818838741439339e-01
8.824044891071497476e-02
8.947846357235468562e-02
1.000521892860074119e-01
8.794674681324682330e-02
8.784306315473972004e-02
8.746039521964679708e-02
9.808599502076317811e-02
8.815871037285424872e-02
8.777299338052682587e-02
8.722235744333078911e-02
8.744948473041116999e-02
8.739331818747968217e-02
8.668248985531307182e-02
8.741189134139921990e-02
8.495118647086115360e-02
9.130800191564586443e-02
8.548261068025618525e-02
9.994992336444019632e-02
8.963283601189943328e-02
8.408882067289452644e-02
8.999216961600034481e-02
9.709349643847919875e-02
8.416022157835846562e-02
9.725227188202480166e-02
8.611301431760952363e-02
8.807764985882703124e-02
1.074845789333172819e-01
9.048813319074040795e-02
8.895903714780961646e-02
9.662916002856888897e-02
8.626083631017837650e-02
8.760996930703343621e-02
1.040800565599994815e-01
9.762111517294312646e-02
8.773697013304201930e-02
9.952428751454375777e-02
8.778793659152389628e-02
9.222856002856841262e-02
8.622628992385890367e-02
8.658055063217817704e-02
9.584597139322639792e-02
9.138059883261991090e-02
9.524733521352443666e-02
1.260732878318228944e-01
1.293884468815408584e-01
8.440698989118940176e-02
8.766184287007050546e-02
8.371460907001540552e-02
8.462986169074088183e-02
9.911813617115500241e-02
8.812588286616086786e-02
8.692761552523954605e-02
9.147528998132915812e-02
9.795254615900371442e-02
9.948829072826065323e-02
8.868936553565699710e-02
8.868063859750152655e-02
8.820945248221695456e-02
8.918128733558750021e-02
8.836935516872644614e-02
8.662854831459701477e-02
9.816560241310771928e-02
8.916337690817810469e-02
8.815411462024941303e-02
8.811442991194948227e-02
8.356870746926464699e-02
8.377448175269820718e-02
9.875360556323406480e-02
8.704176314288958327e-02
1.561571116861749098e-01
8.672675561686292445e-02
8.841522619162993368e-02
1.073424420349400749e-01
8.750265674169251107e-02
8.535117867984438889e-02
8.874162608515960560e-02
8.465783814705626908e-02
9.065652471444750338e-02
8.553123824760766603e-02
8.943890394725345638e-02
8.744949702886858911e-02
8.381370042188400482e-02
8.432290537425173038e-02
8.934740468001758917e-02
8.487925974396641482e-02
8.775960259258001883e-02
8.962277046173425243e-02
9.887852282251871627e-02
8.386486302191913100e-02
9.694901874933027630e-02
8.861238926477070510e-02
8.941795519706483009e-02
8.422628672105920977e-02
8.369972635259195770e-02
9.188405178644716564e-02
8.494309859564493081e-02
8.919079014257544347e-02
9.012058117831596438e-02
8.381207376950071397e-02
8.800827043416807605e-02
9.562578425209543320e-02
8.400113988506176244e-02
8.340869687795275655e-02
8.533201510529449252e-02
8.926167583217527179e-02
8.769673923043144748e-02
8.379829568135062356e-02
8.836580454917282446e-02
9.835634940020365757e-02
8.341738559753314464e-02
8.708041336680424904e-02
9.719556769444724631e-02
8.877046606196258016e-02
8.746728406455429872e-02
8.566216302342954947e-02
8.888551917848863670e-02
1.936245905716937610e-01
8.975694230195815915e-02
8.653725593569382146e-02
8.616745289123953211e-02
8.696618540379458251e-02
8.340062600078100574e-02
8.636993159990688507e-02
1.072404115412416425e-01
8.720261392889520902e-02
8.912224280891978268e-02
8.616570976307746932e-02
9.029080254023515162e-02
8.649283405287633286e-02
8.717282922777502829e-02
8.529508013884232187e-02
8.604993643783220847e-02
9.239447563462058199e-02
8.408064062429945751e-02
8.367410820366179280e-02
9.577688060501170220e-02
9.628791634529985932e-02
8.345971714903036021e-02
8.791009491989104641e-02
8.848901091966128452e-02
8.502177116512225907e-02
8.923481426660984095e-02
8.398319328111854276e-02
8.541314222237648968e-02
8.500418077178027720e-02
8.582082020059732252e-02
8.676416144189399993e-02
8.765660866694327535e-02
2.030943010468826415e-01
8.672915278426868158e-02
9.130120201779834410e-02
8.510130162514265018e-02
8.715306568976267931e-02
8.405100971404054488e-02
8.934997860382754009e-02
9.372400313367515445e-02
8.438258743220684865e-02
8.972908996167139328e-02
9.601485055041071581e-02
8.650622574953116539e-02
8.491715069040745023e-02
8.991190238932361689e-02
8.577612392115246953e-02
8.689413606376902854e-02
1.021485803775156742e-01
8.794352688708174937e-02
1.008198843230119490e-01
1.460781254571656973e-01
8.688770518470925741e-02
1.030517935285568815e-01
8.778568837698091931e-02
8.694186005322353250e-02
8.440762596627929271e-02
8.418047124769544032e-02
8.692904879006652097e-02
8.628036259756076409e-02
8.863521008022900993e-02
9.130210744860685346e-02
9.171142993944200739e-02
8.811427240999178401e-02
8.678846716240538883e-02
9.187750831943443386e-02
8.436592103666992748e-02
8.831728198218413706e-02
8.698843608357308133e-02
8.556816449677581704e-02
8.719711595773825541e-02
8.504673236608203957e-02
8.919240043941781271e-02
8.483316726543412012e-02
8.864807346679397237e-02
9.538985046918842248e-02
8.842799263154230149e-02
8.906437302493087904e-02
8.834295858614203689e-02
9.660297053605650108e-02
9.160534385309493377e-02
9.745159236421997717e-02
9.019828974964698431e-02
1.281771150174532137e-01
8.952311006165293572e-02
8.966483123022886415e-02
8.857915462320418987e-02
1.267467261470958673e-01
8.835658448402804177e-02
1.110727390800430869e-01
9.344665385994228857e-02
1.022224450441217014e-01
1.095939969810504899e-01
9.102796357650372316e-02
9.402303519942345478e-02
1.015471999154758248e-01
8.955213161263564370e-02
1.113927821531248835e-01
8.612075523750883921e-02
8.819073948384067996e-02
8.697645302610455820e-02
8.810744018033543623e-02
8.530651571284814105e-02
1.067060046096875714e-01
9.479234320094045985e-02
8.756935403312378352e-02
9.235615965838582520e-02
9.983931111390099977e-02
8.875602446546235202e-02
8.630360206088141806e-02
9.255833843037536424e-02
9.081752284273469922e-02
1.143608523158174128e-01
8.417545575821781811e-02
9.061045656078067778e-02
8.724894501092204935e-02
8.815407863050224446e-02
1.004487276472215557e-01
8.693661802804593386e-02
8.545057693929433706e-02
8.611498836971839821e-02
8.968558555310865432e-02
8.581403132313809856e-02
9.585432795373816095e-02
9.391045660121466465e-02
8.611074710625926665e-02
8.511956408884509273e-02
8.849816788909338483e-02
8.561015217387901721e-02
8.972345041413369582e-02
8.513311310192298031e-02
8.441762736086355634e-02
8.834997053063903261e-02
9.083847818653981165e-02
9.456644113366627358e-02
8.672512187114861382e-02
1.009085301469269669e-01
9.386986131594195204e-02
8.712208713155837614e-02
8.572463197093109499e-02
8.416469003427982931e-02
8.673593798072058714e-02
8.566920926618851184e-02
8.583258182365674505e-02
9.005244224777002315e-02
8.614033208628052440e-02
9.303881952574312442e-02
8.649349579637027885e-02
8.602381194929550889e-02
8.484700541013401320e-02
8.641969250625594623e-02
9.104596453993113458e-02
9.558122483184670892e-02
8.753432183602444239e-02
1.045407419577308455e-01
9.064033973034264779e-02
9.776484159430180731e-02
8.668108678019953439e-02
8.413376147694386076e-02
8.391831558151274795e-02
8.709847912647288026e-02
8.919424548581852963e-02
8.984280494826649144e-02
8.601559183469893732e-02
8.770988564681346522e-02
8.690939558798398135e-02
9.141240839887376790e-02
8.473588205140412943e-02
1.416839919846525908e-01
9.307411882102603617e-02
8.921279314519126036e-02
8.335674459052659635e-02
8.715018011303091172e-02
8.689879484153829881e-02
8.500653803303949430e-02
8.675672424135028038e-02
8.769895412450776084e-02
8.574181007555101153e-02
8.689706900822076474e-02
8.889645855612117453e-02
8.666290974880554165e-02
8.925487206745159885e-02
8.772673471898520536e-02
9.689721060182915346e-02
9.077734019342131866e-02
8.619695731944589101e-02
8.885313674023601060e-02
8.433037597769260652e-02
9.369795809035506851e-02
8.656822205288372540e-02
9.231874694103774093e-02
8.481990469198458227e-02
8.594568408285549466e-02
9.621035074099533457e-02
9.104411190666025777e-02
8.422118359597074999e-02
8.566684449569575421e-02
8.576826074563007052e-02
8.587007435761198626e-02
8.480281507215962911e-02
8.481861979593571799e-02
8.413896341399879075e-02
8.363959495804826338e-02
8.677152737893997769e-02
8.764223272821981825e-02
8.561733975480038950e-02
8.483752533132223050e-02
8.515868012659121022e-02
8.466714904617038406e-02
9.122500658367660442e-02
8.980288463951714706e-02
9.020867894658698982e-02
8.995827341951100065e-02
8.654512432106130360e-02
8.771521056698730612e-02
8.514230851248742737e-02
8.683866316373231586e-02
9.454447868755463946e-02
8.443823942720517228e-02
8.997312682558018804e-02
9.123067908356963240e-02
8.447807082759171970e-02
9.237692925679340250e-02
8.481691199571111950e-02
9.795265575313316653e-02
8.613084666901807407e-02
9.521258068860806445e-02
8.421111683014853577e-02
8.740418682427639196e-02
8.764309525096825038e-02
8.404732648831322872e-02
8.454039610971775254e-02
8.724654392907804645e-02
9.706150285405541756e-02
8.915459766007055586e-02
9.343739147212025420e-02
8.858517034362332898e-02
8.670998804331840615e-02
8.524315516032428264e-02
8.508153048591676759e-02
8.442116245433028965e-02
8.873497930107719645e-02
8.601069642927505754e-02
8.811823181646298575e-02
9.868407457800812410e-02
8.544792137634893425e-02
8.484509517311035476e-02
9.605924035161850227e-02
9.189146324208562200e-02
8.548319476580110154e-02
8.914613746714263043e-02
8.785990077438439461e-02
8.668711070533108298e-02
9.237956587763911098e-02
9.074086592900577897e-02
8.730552000229450937e-02
9.963769815989968748e-02
9.246930984011633714e-02
8.656333988952827352e-02
8.409822794712165650e-02
8.504913835139631118e-02
8.594048213784633017e-02
9.524510206064659701e-02
8.380057359401608952e-02
8.377447602349377687e-02
8.387423979123809215e-02
8.580392665995835444e-02
9.208007129096276722e-02
9.001474091493719132e-02
8.701128395826396300e-02
8.533593866666464023e-02
8.777383306933055074e-02
8.876522252439170146e-02
8.614412063633701544e-02
8.623495777536692442e-02
8.486440608787378104e-02
8.717571082670423632e-02
8.494094714404058777e-02
8.862609298892817900e-02
8.637894374882688908e-02
8.582758839042661791e-02
8.370457039771191099e-02
9.783000379913180111e-02
8.460204716588166918e-02
8.711126746779371266e-02
8.896806367900615686e-02
8.428038518057885675e-02
8.411730420232621519e-02
8.492866299741735903e-02
8.810031616839174295e-02
8.800231873017785866e-02
8.894810668339450666e-02
8.772666695806533022e-02
8.659632430565029904e-02
9.784609174011346666e-02
8.632859037162285420e-02
8.474529770471352086e-02
8.414949615977393438e-02
8.806568783551609048e-02
8.876342896985031650e-02
9.338495281036991724e-02
8.540900334303311303e-02
8.605016396712422688e-02
8.961720316823128252e-02
8.734459261759307258e-02
8.683689268713662424e-02
8.423639765639504007e-02
8.924028072137113465e-02
8.602988795791337295e-02
8.585298733569998730e-02
8.447446932606481051e-02
8.382135097121348744e-02
8.611090958682267316e-02
8.627446576266439848e-02
8.539032669209378756e-02
8.442885505387494327e-02
9.261976477465196089e-02
8.586842848043153842e-02
8.852580805532370145e-02
9.324278611422417984e-02
8.691849136201744430e-02
8.585598137693462029e-02
9.141584119464797598e-02
8.465661753990652572e-02
8.357009355029948461e-02
8.605305960939131638e-02
8.827180871444789689e-02
8.375762777916709312e-02
8.843278497401219074e-02
9.296727819260561243e-02
8.539743532297967843e-02
8.608912955780989584e-02
8.614884745254799969e-02
8.530435078990915299e-02
8.641479127920620451e-02
1.010994199121049569e-01
8.773181737686881754e-02
8.391719554531740233e-02
8.529206266017444471e-02
8.692898690418250640e-02
8.668093650470508338e-02
8.426982461294915683e-02
8.733167363063093491e-02
8.331144390761471841e-02
8.867926490623728730e-02
9.482022387099069138e-02
8.775096571095576670e-02
8.789247883558470864e-02
8.783792186901828725e-02
9.086449527292134176e-02
8.539323855684179121e-02
9.209558367564515957e-02
8.743406976544570997e-02
8.635042222958259905e-02
8.824056133391960932e-02
9.299155783141668796e-02
8.741697448113884550e-02
8.927725874560812902e-02
8.970966451811057674e-02
8.324709004008289115e-02
8.828330767065949158e-02
8.383902220972530572e-02
8.759799141294519198e-02
8.493178672459772427e-02
8.463155357118459787e-02
8.455894361771250367e-02
8.343944684712564785e-02
8.362961883018452114e-02
8.485647746842306383e-02
9.331111694152341429e-02
8.491641468836148843e-02
8.522785898890609946e-02
8.569118573590843446e-02
8.638184588938987996e-02
8.614775061671130219e-02
8.597766372203258234e-02
8.581115454023170719e-02
8.377085068400948187e-02
8.391691369476715623e-02
8.518143234846489720e-02
8.820537974341655096e-02
8.423342955016069333e-02
8.412414210267606107e-02
8.542141577409086139e-02
8.486807047686335814e-02
8.422592442375181898e-02
8.732298185656327261e-02
8.780820886053017360e-02
9.390121321763755802e-02
8.812595822717622651e-02
8.430437564122136851e-02
8.924119679605722888e-02
9.003964258714784730e-02
8.727792297480949091e-02
8.490645918931813418e-02
8.738118881175506447e-02
1.041556874630325119e-01
9.620194529040372589e-02
8.572828632920456715e-02
8.788758935229282199e-02
9.024914314621788891e-02
8.834712740089170624e-02
8.985212616815789477e-02
9.893675983451927225e-02
9.992694371087759708e-02
8.914741786188853934e-02
8.536175653087381410e-02
8.374275539936010260e-02
8.342594542180603590e-02
8.911231218532833509e-02
8.486373541985940683e-02
8.633557587557681712e-02
8.516519780541602358e-02
8.686759575984777382e-02
8.935575019419324250e-02
8.604322513330740774e-02
4.812639468302025159e-01
9.453913814999535814e-02
8.482979792829803412e-02
8.785446837795701791e-02
8.609965337118034856e-02
8.584802795771144523e-02
8.560641116186039346e-02
8.709888221228595517e-02
8.524788422254492293e-02
1.038767937708022088e-01
8.536873330231987966e-02
8.553194512899607582e-02
8.511309611803527519e-02
8.751797819985297766e-02
8.600284860100580742e-02
8.614962179565141542e-02
8.465724861092689679e-02
8.384500786397990069e-02
8.354072646954646686e-02
4.194662923473636007e-01
8.627238844929085992e-02
8.479269264272976114e-02
8.456516820287307556e-02
8.871875729345123085e-02
8.620921917420441838e-02
8.379115783956093966e-02
8.702880883812670609e-02
8.694207751024143893e-02
8.365899271374382939e-02
9.234710489927541732e-02
8.476090378064615738e-02
8.363324185156584267e-02
8.368385833207522828e-02
8.549804603957755766e-02
8.459387663393858059e-02
8.340591933092098009e-02
9.755655384124595209e-02
8.524327571466130959e-02
8.536803997924759246e-02
8.779237567166024714e-02
8.598207414760426770e-02
8.521969071149472497e-02
8.344753939274061894e-02
8.731765257895061916e-02
8.780616361962167993e-02
8.426620794566969108e-02
8.642390394484901484e-02
8.437944483926057559e-02
8.381012107238954012e-02
8.355568300403869164e-02
1.059598861385624702e-01
8.404062101034974475e-02
8.368348257799498868e-02
9.328281936280727327e-02
8.349389950063354493e-02
8.561257624981248593e-02
8.282394209629961868e-02
8.591558098819104816e-02
9.595857849269456841e-02
8.371277276451614957e-02
8.504179549276520700e-02
8.314088959789975308e-02
9.284041008076161783e-02
8.357276176598132933e-02
8.307200497765837577e-02
9.733212044139079311e-02
8.441646752982191748e-02
8.313497255395882468e-02
1.544795378116811946e-01
8.405217415186284902e-02
8.378026093597686075e-02
8.376945001618321673e-02
8.401105899939330379e-02
9.505393849170531984e-02
8.371572330189530620e-02
9.296333670307227459e-02
8.514424199890706368e-02
8.316215627134650179e-02
8.331069982264818763e-02
8.468980211435950256e-02
8.633235419774237807e-02
8.669228833020467540e-02
8.874357111214543903e-02
9.092617996566516869e-02
8.307541542315848015e-02
8.580167968342010398e-02
8.443814282177654340e-02
8.345753492312671384e-02
8.281471735202351747e-02
8.611608711007050221e-02
8.604023049211885488e-02
8.648929285640574727e-02
8.810546606110133960e-02
8.776769421407536187e-02
1.009501934418693819e-01
8.674780475731734553e-02
8.313459907288704709e-02
8.622045587647524101e-02
1.027691575615329728e-01
8.543945297789913573e-02
8.416365064261389917e-02
8.731862228706810392e-02
8.404655904971143621e-02
8.420127007087889470e-02
9.532299018045312100e-02
8.423366708426449634e-02
8.413337425450539975e-02
8.513252535212322003e-02
8.381948015622731063e-02
8.696661280936597571e-02
8.667717065548846689e-02
8.391719450427660709e-02
8.403362769859673564e-02
9.090491633100837576e-02
8.773973108419373668e-02
9.266398568990524831e-02
8.481613401106243011e-02
8.458378858000167866e-02
8.743815305137130067e-02
8.474925435207714131e-02
1.062638538820681600e-01
8.943108785216727363e-02
8.342379077692638201e-02
8.891450834009156923e-02
9.356097275751674991e-02
9.429629199004310736e-02
8.511103755685657524e-02
8.761621843785102892e-02
8.449509643198260811e-02
8.806088686438068303e-02
8.436809942284571873e-02
8.377392725795319850e-02
8.374921056650258544e-02
8.419173043456301686e-02
8.283372204290009866e-02
8.396237789681411379e-02
8.510711824017555549e-02
8.511317013097167983e-02
8.511841167519094975e-02
8.348339252694711443e-02
8.390062887663689295e-02
8.523049112209754585e-02
8.518960886104608166e-02
9.492843080523238886e-02
8.312820939114237695e-02
9.144607761886748565e-02
8.541228213614102116e-02
8.347426129466403721e-02
1.019734792630664216e-01
8.400087519105600697e-02
8.320111941513368137e-02
8.498626457066625617e-02
8.515824197554854036e-02
8.485471432494112731e-02
8.412778826733453841e-02
8.398610439804535255e-02
8.517344496136473875e-02
8.635758216250206953e-02
8.857659270790316230e-02
8.375735629328109888e-02
8.854477588121396903e-02
8.420863413602253100e-02
8.304516289964591902e-02
8.506345060863920726e-02
8.428740157860234450e-02
9.586428526443621645e-02
8.312450175970537147e-02
9.240520035805210863e-02
8.396880863626969560e-02
8.384043824274871326e-02
8.378098750139297002e-02
8.380865670331601180e-02
8.565239259978678354e-02
8.560137574731764565e-02
8.421466119660407645e-02
8.419550248478524512e-02
8.466983965412956670e-02
1.015018246534896834e-01
1.010604927513430729e-01
8.429770161863869848e-02
1.014941307418743832e-01
8.377424939919549118e-02
8.534337664448045369e-02
8.449366690250649514e-02
8.322529398608305429e-02
8.463261191585653986e-02
8.407518028896707185e-02
8.541290362885589627e-02
8.452933983165239473e-02
2.932344736395933182e-01
8.379209252932053043e-02
8.726102529509174865e-02
8.404927048750436558e-02
8.526753729983621577e-02
9.475184382599419197e-02
8.281852154263623367e-02
8.324540613520450827e-02
8.304126069143455413e-02
9.154339170939963799e-02
8.517885655765176922e-02
8.445828221649802348e-02
8.585482669558557045e-02
9.036006599821359841e-02
8.507154739216486738e-02
8.324975669536695266e-02
8.368783035587341879e-02
8.445920788682013958e-02
8.527102515590058440e-02
9.188632231213109125e-02
9.164373809850313857e-02
8.574647249303872509e-02
8.688013331843556786e-02
8.402270495768156267e-02
9.837017674521324195e-02
1.102826229548066750e-01
8.518013237148337746e-02
8.300829422642963529e-02
8.530452684935932450e-02
8.301640529704924776e-02
8.300847416430148784e-02
8.659207596572651711e-02
9.260455491024349728e-02
8.441333555796752541e-02
8.512169395016019879e-02
8.516616919685914000e-02
8.341858137556854014e-02
8.716714805275753430e-02
8.416986910643652064e-02
8.432644979086091619e-02
8.698415235668970069e-02
8.703227221143947090e-02
8.602441135364181923e-02
1.048855049427751401e-01
8.401291426846427268e-02
9.629138747089750761e-02
8.520416338748852680e-02
8.353084298546167852e-02
8.579222869460563505e-02
9.604797455787636440e-02
9.799610904988656501e-02
8.491613061217148650e-02
9.153311032405302139e-02
8.664281593876382859e-02
8.724457363506427088e-02
8.777279397912098047e-02
8.619156923734722087e-02
8.507013608411376215e-02
8.546133093478169851e-02
8.775154132926603345e-02
9.062631305377254198e-02
9.059260838422752982e-02
8.981057913542614402e-02
9.126071133702014226e-02
9.531617025587860170e-02
9.735577254239582978e-02
1.009216724334472126e-01
9.540565387056131053e-02
9.098035260787322442e-02
8.598644675706630658e-02
1.098116504442110536e-01
8.871307477354700710e-02
9.303877742449444266e-02
9.550039051044197091e-02
8.653915850678975397e-02
8.500461077103121932e-02
8.827992585622014554e-02
8.804023553478707020e-02
9.205712574433284889e-02
9.365869862060775819e-02
9.787038789565670471e-02
8.484527157715353318e-02
8.948727193955569037e-02
1.027466716975653505e-01
8.553204171583504711e-02
8.747525720597493226e-02
8.445457057740125839e-02
9.021347232659096549e-02
8.427714411441733500e-02
8.503656215879371039e-02
8.935551152090942528e-02
9.599394531754948390e-02
8.568725546212833943e-02
8.624993963381016870e-02
8.868821289949983810e-02
8.849742869197800565e-02
8.848550028884190344e-02
8.847888266651807165e-02
9.414346372091782211e-02
8.999735011493305292e-02
8.915131215490036676e-02
9.237891919448909528e-02
8.765681102366025546e-02
8.716237284727820778e-02
8.750949861692072784e-02
1.351924836280166409e-01
8.795483697811684598e-02
8.571262715351093964e-02
9.365858727869198763e-02
8.458174647910435273e-02
8.780335982323295152e-02
8.454536117883830471e-02
8.443048801196832709e-02
8.627479150703207256e-02
9.040535738694890910e-02
8.665075508323555331e-02
8.413170573816286524e-02
9.189167573246213860e-02
8.582697571570582773e-02
1.112447075204116287e-01
9.427869995414105142e-02
8.744163956537197302e-02
8.463121284991875770e-02
9.438591417600496192e-02
8.356412606797107567e-02
8.345122921049258347e-02
8.485313645041502040e-02
8.690693129903787062e-02
8.875613646123856060e-02
8.956533294314647509e-02
8.319771544001444696e-02
8.669753664944182536e-02
8.373682847755342662e-02
8.448554055967061327e-02
9.133403056349435889e-02
9.303497416020067856e-02
9.817426151410756086e-02
8.422244240035288432e-02
8.368278748953839052e-02
8.844935762533065460e-02
8.399639670844309680e-02
8.457535121116825649e-02
8.701099651931798462e-02
9.456957594462182815e-02
9.004747562926462834e-02
9.069872634112825793e-02
8.557907310681513169e-02
8.378829406296567361e-02
9.653337947876387826e-02
8.774991609219486011e-02
8.468499634754184102e-02
8.753663866935777749e-02
8.652067724703825513e-02
8.490280766415796154e-02
8.841036199545268537e-02
8.368675108508295823e-02
9.099803071646245245e-02
9.131864842370014668e-02
1.037835528818487757e-01
8.312352342949604067e-02
8.386832328307311513e-02
8.374806939084079860e-02
8.343725280075578454e-02
8.580445318284922462e-02
8.730670087428467341e-02
8.755121153904399378e-02
8.608977418007425497e-02
9.684107740135793063e-02
8.577765333056307229e-02
8.914943912766340461e-02
8.476399388472348473e-02
8.597066268207613493e-02
9.593921838600326379e-02
8.646944183712737542e-02
8.325931688143423104e-02
8.658530503721743876e-02
8.506697059595690058e-02
9.649813197482944027e-02
8.612913869124612376e-02
1.018613469340348410e-01
1.013135073396182056e-01
1.085349967800050552e-01
8.636366840437720294e-02
8.690933146599603976e-02
8.537778454767327996e-02
8.547193585535618754e-02
9.704840171333731225e-02
8.610341181413175282e-02
8.686396642375845967e-02
8.249805190606965266e-02
9.132236477740067471e-02
9.514503686348461942e-02
8.561421838263712225e-02
9.985858718446903592e-02
8.411989738844419251e-02
8.574956327345716056e-02
9.182134619105036810e-02
8.629206834041605600e-02
8.423557810299329984e-02
9.057449789673029106e-02
8.392039203736144370e-02
9.141699560466942653e-02
8.691538897722525525e-02
8.697677859378658005e-02
8.652958941790059311e-02
8.781650223644571485e-02
8.406597591792017155e-02
8.579025179099927789e-02
8.942307741350505323e-02
8.333642459167679706e-02
8.807714066120179985e-02
8.877385075689921135e-02
8.509059898966377100e-02
9.020654077621771683e-02
8.661392147703053657e-02
9.266661789113357639e-02
8.419152472557327183e-02
8.423689796870653668e-02
8.871427625553035545e-02
8.614346450449926473e-02
8.352455060558411359e-02
8.708831560544864903e-02
8.617041253028628889e-02
8.725617084666760503e-02
8.957449106287941609e-02
8.878193758034734484e-02
8.569928521666987653e-02
1.232208779589852032e-01
8.549941568097074729e-02
8.988461454625279456e-02
8.775860908609142697e-02
9.225409016735863776e-02
8.373608399298509974e-02
9.098830776590244307e-02
9.461985928517770150e-02
8.379068207186013417e-02
8.309218428724954308e-02
8.551610895234529330e-02
8.527556755008544598e-02
9.590021337877058238e-02
8.527859590896870456e-02
8.823022766779417547e-02
9.003471017818481803e-02
8.628713398174230054e-02
8.566697291396389857e-02
8.504641255028885793e-02
9.037308994466070056e-02
8.532575876227246892e-02
8.662943051850174880e-02
8.650146111803536098e-02
8.547948741604255440e-02
9.862182780061057308e-02
8.843008457706423575e-02
8.766126320165407160e-02
8.688823433712818123e-02
8.493581350454798562e-02
8.534590350778756274e-02
9.915563122661334716e-02
9.782765328097059454e-02
8.709426025152898487e-02
8.493460082596322736e-02
8.679497358879070812e-02
8.945717414850441751e-02
8.765284364448015786e-02
8.366444720800712831e-02
8.420209501590002199e-02
8.937824211877086478e-02
8.904224394847556900e-02
8.383489646626028635e-02
8.478959695980425870e-02
9.995135547648707763e-02
8.840888085732571955e-02
8.595360827221443234e-02
8.707419240695740692e-02
8.648847181962213138e-02
8.727524325598096100e-02
8.540087445507002495e-02
8.462181128594224722e-02
8.505956230763427051e-02
8.641496445838618701e-02
8.967746467638831875e-02
8.567261987192488493e-02
9.283087025180825069e-02
8.351777557064558877e-02
8.665620170357195284e-02
8.700083153764032184e-02
8.789786707411308131e-02
8.692405871657682415e-02
8.531506629860133306e-02
8.822377087148328134e-02
8.911461509469235931e-02
8.875385865555072973e-02
8.456219900576077142e-02
8.424093816546976421e-02
8.449484303484830483e-02
8.507050313028290123e-02
8.476570990072866685e-02
8.900464867967276816e-02
8.503141138051023562e-02
9.481979542648218129e-02
8.772558601505998921e-02
8.397559207226239220e-02
8.404957939741095063e-02
8.819116140979410545e-02
1.098075804797047084e-01
8.430939731345990507e-02
8.430988399145723788e-02
8.454207654154870244e-02
8.964708571669863235e-02
8.688385638909809638e-02
8.389930325973012082e-02
8.649014359965012666e-02
8.537375709707950566e-02
8.475078762027610235e-02
8.543105140005896603e-02
8.538795701097430524e-02
8.515511114877141741e-02
8.416954393354228459e-02
8.643996746024200373e-02
9.296597509462606324e-02
8.678535552250972451e-02
8.563672807721732505e-02
8.784894238515247866e-02
9.666736574692327832e-02
8.706701410861883428e-02
8.590747635589263131e-02
8.507352721142259766e-02
8.572578100943027690e-02
8.535462040110293469e-02
9.077238236576509745e-02
8.479593300314665349e-02
9.634286441324511896e-02
8.838800627256625242e-02
1.759162456159450993e-01
8.650266075624027384e-02
8.625083831937893630e-02
9.166059429889977794e-02
8.569987346739518785e-02
8.541849091353680146e-02
8.559495408954202744e-02
9.692980086495246728e-02
8.426600909818673935e-02
1.025401093007249076e-01
8.394066052914045395e-02
8.519999625007686206e-02
8.633988643650124251e-02
8.757852571330729252e-02
8.558575064184589798e-02
8.454374844811661516e-02
8.712815427068813789e-02
8.657839532702082952e-02
8.449304001291496613e-02
8.756831559882365112e-02
8.650097783366524073e-02
8.461318080589574908e-02
8.569483104998536216e-02
8.578138428755292810e-02
8.732437113590253708e-02
9.761359461408176952e-02
8.769069037991213122e-02
8.458091936293804514e-02
8.469513396662313454e-02
8.483961646121321309e-02
8.807059199162838026e-02
8.602570246761073736e-02
8.483236962927177827e-02
8.772191926319174160e-02
8.469885936790171044e-02
8.387241834118501493e-02
8.377123464769276051e-02
8.474419545352825101e-02
8.916300257337385349e-02
8.531390415696797624e-02
8.637798932833729015e-02
8.404287043323327433e-02
8.387202403623002234e-02
8.530345276732929916e-02
9.134719405705384043e-02
9.456940452416952303e-02
8.498109708195347722e-02
8.637320157315143965e-02
9.447046207871565016e-02
9.027807697924113139e-02
8.614368053952965731e-02
8.920013645562349658e-02
8.496896647793919510e-02
9.046469410551886969e-02
1.505250079217514414e-01
9.940424254309686292e-02
8.622498413683984952e-02
9.041336845829846258e-02
8.503424402979066488e-02
8.553875867574151082e-02
8.382450316463845030e-02
8.573615244370454136e-02
8.718851560931260847e-02
8.402867593973448179e-02
8.755111264437789864e-02
9.110492962429560249e-02
9.182440153404843042e-02
8.640325142473280484e-02
8.509211971761351800e-02
8.348959896614567555e-02
8.451207095050307372e-02
8.781397367503471219e-02
8.722642171867388272e-02
8.629232896114610862e-02
9.170216589687270325e-02
8.707281112828077485e-02
9.003812833774238467e-02
8.520100427081052363e-02
8.553498602910529491e-02
1.582940711782415966e-01
9.180027365152605701e-02
8.720489392226241088e-02
8.506023806026789813e-02
9.909193268822673317e-02
8.491602270789644358e-02
8.438040529281297386e-02
8.877648556151342130e-02
8.543341252100053462e-02
9.016092017425091087e-02
8.795863401297186746e-02
8.572590413562694578e-02
8.614298845933436588e-02
8.543685959003083363e-02
8.557828767847247553e-02
9.615152511572561123e-02
8.570316506929079314e-02
8.488450851612996950e-02
8.449765657348917713e-02
8.432901216111256260e-02
8.779758081359760602e-02
8.495083547482357167e-02
8.631914579926100450e-02
8.578940116687905348e-02
8.648069995236383478e-02
9.024172184840760502e-02
8.495236426546654007e-02
8.647778112432928654e-02
1.152004439739509889e-01
9.890648471778241968e-02
8.564049889984895469e-02
8.888963514510286879e-02
8.619935331005845747e-02
9.115795606791103622e-02
8.796054076787462872e-02
8.508695273238719992e-02
8.739445340220639014e-02
8.435581388733869035e-02
8.861254051091985162e-02
8.508380624717928886e-02
9.058339560173210570e-02
9.463763991313881019e-02
8.515128315039556528e-02
1.216987662840365997e-01
9.395928862215718880e-02
9.050543432407914812e-02
9.193577318902533546e-02
8.925996414672349166e-02
9.631344681628623006e-02
8.688160289738172670e-02
8.465828232658054175e-02
8.456659184092875370e-02
8.888538694982828225e-02
9.238700511277017635e-02
8.803394661127747489e-02
9.266146875974634600e-02
8.581287967200176836e-02
8.748282434976795141e-02
8.725782710169711909e-02
8.467782809978302572e-02
8.732487741282256299e-02
9.580897029003808407e-02
8.606891862181936803e-02
8.680414939798983265e-02
9.218654841887329032e-02
1.077355108367691744e-01
8.925154771050211600e-02
8.802562126335762571e-02
8.787548997538002782e-02
8.428292553589129821e-02
9.292765341537041757e-02
1.119154078612734637e-01
8.585906039584968730e-02
8.639366184773786261e-02
8.631656196170173212e-02
8.881667438847712370e-02
8.650819773602544394e-02
8.390112537218449851e-02
8.754844845000153697e-02
9.063496913813702538e-02
8.795968212535980324e-02
8.598356522738710706e-02
8.544257701718747933e-02
8.473944487236535761e-02
9.415930181306490787e-02
9.151422446601101268e-02
9.159545756475870326e-02
8.777129842616722410e-02
9.217471928184166330e-02
8.687076336956980893e-02
9.075984800274722319e-02
9.025846381942714824e-02
8.952256190340926456e-02
8.801851866161596039e-02
8.987439154800708208e-02
8.855424900055948456e-02
8.778911897670671483e-02
8.775057746523494406e-02
9.211233922108946759e-02
9.700221808299266946e-02
9.026023642310283812e-02
8.442125385426495210e-02
8.501311716278556196e-02
8.885905682712218201e-02
8.596219939253603448e-02
8.582116456883601141e-02
8.485051192090813099e-02
9.104760772226871968e-02
8.845274604718786349e-02
9.013706322121303738e-02
8.522809110668039256e-02
8.658563768034491237e-02
8.447093616107168024e-02
8.763151744097942564e-02
8.428696154629504445e-02
9.491540170802317822e-02
8.536714009899777633e-02
8.588537377504612547e-02
8.974327784220759163e-02
9.191155117894676818e-02
9.615086216539550645e-02
8.818481727826828209e-02
8.542735028934866914e-02
8.659506342070527607e-02
9.205851906986840805e-02
8.910863952196175497e-02
8.458411291627723760e-02
8.386339113661185618e-02
9.015889934833287711e-02
8.573998134790890291e-02
8.567899604822369619e-02
9.198595405344854592e-02
8.730474497864235128e-02
8.693645002646782638e-02
8.984132129930944011e-02
9.693716166101558340e-02
8.807651111869557736e-02
8.826727979418648451e-02
9.237358520775044990e-02
8.849018642458091055e-02
9.905452082420435067e-02
9.569626606305098315e-02
8.891241609508721000e-02
8.852265427105045215e-02
9.435416008472949367e-02
9.680782349896567551e-02
9.060872383342963299e-02
9.150846789165208162e-02
9.072725155212839343e-02
8.812026456711398448e-02
8.810331627655074160e-02
1.062136766105928470e-01
1.006527447548510451e-01
9.278077560332838314e-02
9.181892249341828960e-02
9.512050966442156530e-02
9.148023618698288006e-02
9.336997319864671907e-02
9.055202267887496603e-02
9.254370755593692432e-02
9.497640302306391280e-02
1.049284342813184556e-01
9.617598421523348984e-02
8.942264628040813568e-02
9.338648985264985658e-02
8.868799002893378025e-02
9.336385929111763737e-02
9.218875882297924984e-02
9.664969937101869357e-02
9.367315574453512206e-02
8.931721605061551661e-02
1.282220301806875629e-01
8.781075795099728409e-02
9.327920145604105817e-02
9.386587812570296174e-02
8.724732026804336849e-02
9.436233591224560402e-02
8.847939773100335636e-02
8.980400630418679253e-02
1.000425760265053060e-01
9.115883773014347990e-02
9.433822431070626457e-02
8.733227396213404103e-02
9.077472797857438769e-02
8.929510289011291513e-02
9.085995982444766694e-02
9.094643765527159196e-02
8.902431665285033546e-02
8.945947970988162024e-02
8.515152707637302365e-02
8.775766937655778144e-02
9.085937270283425682e-02
1.032609356834365555e-01
9.088925708529378700e-02
9.198047968925410212e-02
9.805214669625594848e-02
8.635412136373402103e-02
8.808340321602824152e-02
9.878066426267018141e-02
9.444623906516813605e-02
1.013110067898383149e-01
8.469679423936571361e-02
8.613455092040304961e-02
8.408146883306519270e-02
9.079301976703449406e-02
9.615387638688048522e-02
8.413555700965896778e-02
9.120909068016998245e-02
8.943652664220437531e-02
9.728664601174553950e-02
8.904499544813519740e-02
8.442682297155570947e-02
8.776935958456089093e-02
8.407181002886417176e-02
8.739709040090648529e-02
8.895900557139849174e-02
8.811593242017143335e-02
9.720586108301985939e-02
9.724940900542496103e-02
9.972356521406249008e-02
8.905714010678847381e-02
9.409321285512009525e-02
9.152114151778339979e-02
9.155275292123180031e-02
8.827751231446483160e-02
9.123079163903217992e-02
8.526246622666698582e-02
8.974415486971261402e-02
9.043345186681346626e-02
8.509857613053460612e-02
9.905212083478905083e-02
8.775464458396683987e-02
9.049953649655920196e-02
9.089986553689474724e-02
1.100882895308281650e-01
9.670522052753553754e-02
9.773908339756599839e-02
9.186744625451977175e-02
8.726620110235572270e-02
8.757181256252739854e-02
8.563591262006671478e-02
8.917392295555270909e-02
9.076692263482002976e-02
9.017497727439184596e-02
9.882954556550146985e-02
9.225446579626478405e-02
4.148323508069591270e-01
8.781273346493889687e-02
8.828340193762899968e-02
9.391599032709439798e-02
9.020084807360215229e-02
8.830950919954458356e-02
8.683287412529804017e-02
8.571310979846741285e-02
8.643662127389027672e-02
8.800892624832611089e-02
8.812362770799135603e-02
8.598571901812719631e-02
8.944951036502536701e-02
8.995294766396495778e-02
8.752583694654343660e-02
8.550584125263349655e-02
8.952042116624135681e-02
8.927380901313418382e-02
8.904635130224103357e-02
9.442120874487584803e-02
1.056989710064326626e-01
8.762815306989985009e-02
1.034880155070201785e-01
9.494295519366523217e-02
8.527365518156550250e-02
9.373166828133173978e-02
9.864475373570431860e-02
8.949164831863416769e-02
8.647705309433845189e-02
8.831311444634779018e-02
9.006036652775781248e-02
8.609881870535920911e-02
9.056706833848621185e-02
8.847414475514778220e-02
9.394815147960390578e-02
1.179301809407424656e-01
8.604376013509865140e-02
9.018357715444563771e-02
8.877536293298485259e-02
9.049921119001996805e-02
8.800783546616074149e-02
8.973845256017740080e-02
8.803120533793504232e-02
8.644646144575451885e-02
8.613299544518880635e-02
9.064890227310087867e-02
8.711800513052013473e-02
8.830180948972071731e-02
8.751926736360220171e-02
8.673990776698023430e-02
9.357846534259801896e-02
9.501132918159260754e-02
8.888273072511329587e-02
8.850880608221679824e-02
9.035731632446629413e-02
9.637766391673288635e-02
8.796440084328882580e-02
9.120084194333864802e-02
8.569912224786255250e-02
8.888859340110760732e-02
9.371996810120296340e-02
8.838287275346344563e-02
8.975252050414725402e-02
8.914595656830996695e-02
8.879092799461933694e-02
8.817093941492552822e-02
9.181699455183543745e-02
9.957384387342092802e-02
8.682854594765500311e-02
9.135727865393629410e-02
9.663061877560369384e-02
9.012401727709958010e-02
8.601389737085583798e-02
9.629292693970974149e-02
8.717701285405976552e-02
8.752610995212702083e-02
9.721808866109822589e-02
8.653339452027597467e-02
8.986814194569685277e-02
8.751663109429196064e-02
9.344845471694181172e-02
9.195783715008480630e-02
9.051326128578442154e-02
8.963801495910177219e-02
8.922491500311467705e-02
8.779371549337115777e-02
8.755507592747785450e-02
9.153209462789385631e-02
8.733754071057878154e-02
9.064767397983163055e-02
9.104812591609011407e-02
8.766677193373312305e-02
9.324364559406204955e-02
9.030131809687363953e-02
1.404420427063799715e-01
8.997012563680671648e-02
9.603909028537482850e-02
9.238174214969227527e-02
9.777585778766352542e-02
8.875263050043426249e-02
9.010354177054963332e-02
9.108859364898071187e-02
8.885370860623824363e-02
9.073602347608776542e-02
1.397076336513916328e-01
8.805434517229374092e-02
9.158686530856334496e-02
9.199111556822421598e-02
9.087749089082929055e-02
8.645820244015764433e-02
9.300377491226233251e-02
8.700687951832106193e-02
8.895023199921277268e-02
9.932077791718769977e-02
9.221990938112042957e-02
8.786808987260993908e-02
9.342611055636647344e-02
1.124012013928340353e-01
9.116475615203527283e-02
8.690032513440767992e-02
9.087554320335741731e-02
9.473459016340010641e-02
8.892356315004622258e-02
9.136930816913342579e-02
8.852535844488113037e-02
8.723835351633837942e-02
8.881046862748459558e-02
8.998665190035809447e-02
8.811857440476275616e-02
9.145205729780123138e-02
8.792824404739374433e-02
9.119982938190364374e-02
9.098135596794160174e-02
8.576736763664349894e-02
1.677527948017244475e-01
8.726689029597836655e-02
8.827977372751240337e-02
1.147653940591749494e-01
8.578793773298507008e-02
2.297677822811354797e-01
8.859608685014856710e-02
9.023223093170777698e-02
1.106561805443243146e-01
8.622611837666274703e-02
9.124699766534588585e-02
9.906846567287128091e-02
8.977457525283567830e-02
8.616370436583556391e-02
9.484233542878171830e-02
8.723808484589876122e-02
9.064827651766492467e-02
1.065997911616406030e-01
1.229079508442476321e-01
8.792832648108768467e-02
9.008078809418870736e-02
9.897442794297178770e-02
8.654078638856084471e-02
8.951186884808996769e-02
1.005654609405192690e-01
9.475341632797674996e-02
1.003600522662438099e-01
8.904166972487351228e-02
9.497548631398408658e-02
9.288446274265244051e-02
9.159908247799937453e-02
8.866964638805242827e-02
9.096031033513515829e-02
8.656115484030399432e-02
9.445440453791222046e-02
9.460576746650113666e-02
8.689954041574116106e-02
8.813956442897302734e-02
9.788087625911938428e-02
8.903991075533881916e-02
9.072604013823422353e-02
8.847686207130520120e-02
8.952854312357631794e-02
9.046741707850404490e-02
9.027851147658004505e-02
9.683926646070982469e-02
9.545221701639021450e-02
8.808719116410976269e-02
1.086177066589385232e-01
9.815362625383373951e-02
9.961560256756711584e-02
9.115062541989449318e-02
9.997569190491306657e-02
1.032909624179833979e-01
9.782118588066025799e-02
9.639363438182009525e-02
9.090709977788995200e-02
8.849944915290632041e-02
8.896738792493391612e-02
1.068737169841960655e-01
9.892276836794554329e-02
8.871837035152829731e-02
8.892234528672297855e-02
1.022637963848599535e-01
1.018011331376360296e-01
9.749862875362043380e-02
8.702356177621661804e-02
9.741172499517034011e-02
9.562454544231963061e-02
8.626764549404024318e-02
9.249452933635050889e-02
9.265651722317469474e-02
1.081678753670618220e-01
8.748076833126437746e-02
8.769286636791417955e-02
9.343187370748665121e-02
9.698544785314397454e-02
9.289808155328227457e-02
8.929023581449024860e-02
9.227762664742612808e-02
9.063852861221068091e-02
9.771134917831363065e-02
2.238156398070388908e-01
9.081999119164699263e-02
9.605956559419838447e-02
1.309071952359816549e-01
1.269434972076889101e-01
9.389339299656328242e-02
9.430044152064769036e-02
9.312118598195241737e-02
9.385488770930724978e-02
9.482804999172006477e-02
9.391969517639965626e-02
1.217781152993127752e-01
9.954380856856834270e-02
9.868781468044139638e-02
8.835106503773478004e-02
9.535632596281214124e-02
9.723387727226921740e-02
8.931435895235512179e-02
8.702050678090454683e-02
9.018035681986706631e-02
8.685703241845900424e-02
8.876296646572688631e-02
8.661590589027977349e-02
8.799030309685737516e-02
9.326550468477361189e-02
9.863221460547816344e-02
8.582441928622414062e-02
9.704649247086992447e-02
8.946723126853403651e-02
9.173809540174845956e-02
8.773491480771543338e-02
9.390826460756160343e-02
8.941933702393239924e-02
8.592648436486059749e-02
9.247388345251104924e-02
9.356571246146466736e-02
1.083431284691426105e-01
9.409129041885648526e-02
8.683655248261973325e-02
9.553339329918159040e-02
9.477536763918467666e-02
9.486956802717842752e-02
9.310280672036837235e-02
8.841987713385145164e-02
9.406851781282203617e-02
8.479877597189705574e-02
8.636857700561842432e-02
8.557463109688297209e-02
8.806229012810302959e-02
8.476135900837510062e-02
9.356182179901217921e-02
9.117445986881267395e-02
9.345592333641637717e-02
8.855444912747904851e-02
8.923336005046428321e-02
9.392833645779921636e-02
9.341576434975838727e-02
9.061212819384781292e-02
8.854987206667047639e-02
1.009949282089476069e-01
8.552490149946705145e-02
8.830826431545921174e-02
9.114366173060527154e-02
8.510254050809382131e-02
8.813698670220795894e-02
1.083327049110679036e-01
8.477108994023982436e-02
8.664002795095564202e-02
8.505823757067328128e-02
8.698804034451033951e-02
8.951594532119183656e-02
9.620753668443511597e-02
8.485013711591932184e-02
9.087909228460373801e-02
8.601166407944363379e-02
8.956312627341601884e-02
9.140840206295240689e-02
8.582853597553437297e-02
9.259274636186885787e-02
1.046166292786185753e-01
9.925977505029558168e-02
9.147112626959326420e-02
8.667406499388488617e-02
8.852390141678471991e-02
9.609816148964159255e-02
8.882946555048117088e-02
8.518383790659786459e-02
1.043145230020504910e-01
8.877079266696812077e-02
9.099546961476497053e-02
1.197183870374742970e-01
9.556313241740464759e-02
1.370634182324655947e-01
8.754082209960244165e-02
8.996788618067119714e-02
9.185089890213624098e-02
9.038271364657413098e-02
8.755162528167349800e-02
8.766444058316817667e-02
1.052051533741717726e-01
9.092296884748876651e-02
9.693156624064004634e-02
8.707691873757918144e-02
8.714145104648639284e-02
8.692392714421483257e-02
8.885832928504346084e-02
9.067394407687691393e-02
9.119932269762075217e-02
8.822307664038896158e-02
1.053915633136253555e-01
8.868245884838101001e-02
8.873616065124559360e-02
8.889705697781694060e-02
8.680342529563077336e-02
9.347860569386311214e-02
9.097686703064360170e-02
9.356828091431611261e-02
9.387902565190696380e-02
8.680798852683625777e-02
9.284179033991911412e-02
8.759055770223282689e-02
8.906435240384003027e-02
8.594103954695862801e-02
8.960614386552752386e-02
8.711819100743192767e-02
8.599240087452546255e-02
9.156831397947813589e-02
8.613180682720118775e-02
8.652303284871569466e-02
8.578892298777580916e-02
9.632775765682978497e-02
9.870656268914490550e-02
8.767095208806596762e-02
8.755597665849210176e-02
8.834860294685958904e-02
9.162110977007340007e-02
1.009679747329507160e-01
9.142889363103466616e-02
9.101470299960696952e-02
8.815128332330657290e-02
1.106286783998177287e-01
9.676929184403107453e-02
1.007130486140410813e-01
9.303738314519138797e-02
9.423454407690867729e-02
1.038932853661969496e-01
9.587623242384686606e-02
9.118368503276308434e-02
9.609006618692353396e-02
9.216480701771805062e-02
1.273082779425047661e-01
9.084634780213711458e-02
1.040301393104860472e-01
1.572122049875750160e-01
9.335380328203413125e-02
1.005567770204421063e-01
1.040356538975232836e-01
1.079915592527962154e-01
9.378152366844759447e-02
9.489647874503316649e-02
1.016256919541251996e-01
2.106926647243617667e-01
1.140658190966127722e-01
1.010025046777947161e-01
4.681471514506304055e-01
