-3.400202698114194316e-02
-1.010875073107105199e-01
-3.225427723492224619e-02
-4.587706963100918883e-02
-4.782952980333454035e-02
-3.563971224890286754e-02
-6.105873247119263797e-02
-3.058818651122046511e-02
-6.009483959974122602e-02
-2.658930181866366871e-01
-3.932685943037072390e-02
-4.153918907094238111e-02
-5.031614394526581768e-02
-3.235645237573783750e-02
-3.799756054412721518e-02
-3.545163902641248338e-02
-3.637767885527960765e-02
-3.221759456094584056e-02
-5.283067723382853936e-02
-4.681689198588700335e-02
-3.265906516945161764e-01
-4.026741186505532893e-02
-3.205047539570447060e-13
-4.637375389445395207e-02
-8.851158829977701092e-02
-9.063953261436082931e-01
-1.132486265327912214e-04
-4.585219382698169782e-02
-2.630192635067243878e-01
-5.988060641472782442e-02
-7.099030414745075013e-02
-9.033790590440699992e-06
-5.501415512172355862e-06
-3.441553101565886230e-02
-1.012715908785717100e-01
-1.038137399795310417e-01
-6.634837260182686880e-02
-5.962095890958578337e-02
-5.008401080944874934e-02
-3.496040270731781696e-02
-8.277912803776765749e-02
-1.512686886975541472e-08
-3.596651421985304631e-01
-3.893503521868521555e-02
-2.396099551308456347e-13
-3.537532229690081020e-02
-3.068507533060622627e-01
-2.814036275754946970e-01
-3.916347276183566872e-02
-1.128983001332616032e-01
-1.012744138721252962e-01
-7.216335588577241222e-02
-7.500173298111265097e-02
-5.495886478319475348e-04
-9.702419053689017581e-01
-3.520977415367056162e-02
-4.991110770462144075e-02
-3.476017225246229581e-01
-3.674699695454395343e-01
-3.891435542109600537e-04
-1.299234113697826931e-01
-1.147554159808058943e-01
-1.922706255205078795e-03
-8.467319334064214720e-02
-5.909268229118785215e-02
-5.588545722778845018e-15
-7.608054322741796272e-01
-4.387120926838767514e-04
-1.351905368978034483e+00
-7.072381988375779915e-01
-6.797541371005868527e-01
-6.311544751639739381e-01
-5.728566383488010727e-01
-2.657694795765047080e-01
-1.226770877684341565e+00
-1.085498057091028867e+00
-4.980534180933244848e-01
-4.699603063447900797e-01
-1.505283657124915075e-01
-1.299372512670693147e-01
-1.735586260212519938e-01
-1.678647547644632754e-01
-3.493187672985222370e-01
-3.356031221640926958e-13
-1.246780286491935286e+00
-3.615042512610641690e-01
-8.013548843339661498e-02
-1.187497768134989259e-12
-1.319839096008954105e+00
-7.314757366442007358e-01
-7.120908644971116752e-01
-6.931976885718851289e-01
-6.562333780287650242e-01
-1.371406123843998515e+00
-1.266300906578586183e+00
-5.701109437358032883e-01
-7.178465571055777728e-04
-1.530166058402460783e+00
-1.449058297243984272e+00
-5.382839564131693339e-04
-5.833946009791039088e-19
-7.952202809309102394e-01
-4.144942714467829718e-04
-4.270682837356486461e-01
-1.832580712822544089e-01
-2.156621348736551536e-01
-1.187432028264263775e-08
-1.160522621753158276e-03
-1.380298189112322049e+00
-1.523851433490459595e+00
-2.471807414891265521e-13
-2.999906156768132213e-04
-1.282214107702815076e+00
-1.051964750180261060e-01
-1.579740032069649969e+00
-1.550600404112639497e-01
-1.650272003567248236e+00
-1.942932473700196755e-05
-1.345171575699821154e-01
-5.979498419938807227e-04
-2.121648726143642305e-01
-7.009048194067505344e-01
-4.827030348941472976e-06
-1.597270262792250151e+00
-1.844933863199288045e-10
-1.097544980152214550e-01
-1.615251433791121960e-01
-2.168292871267235795e-13
-1.169557408799301590e-03
-4.361299962430152943e-01
-2.242988276454663532e-01
-4.656862065474916478e-16
-1.658510438173308454e-01
-3.746737734350119031e-01
-1.331294315608779533e+00
-1.157345028938059754e-06
-2.291188400202871789e-01
-1.459462758448110575e+00
-7.577436915555525454e-01
-7.437310069755647124e-01
-8.686198246934843104e-01
-9.758086583123879566e-19
-7.215020561326041706e-19
-1.171201185284327130e-03
-1.624884896963626035e+00
-9.143099481559410936e-06
-1.827057923917573490e+00
-1.323552433388683780e-06
-5.090746122835512200e-01
-1.811426422859206742e+00
-6.365043502675792331e-01
-1.275411328478777231e-07
-6.180326847024151249e-01
-7.886497427461168655e-11
-1.044734202041694999e-10
-1.134062477750346920e-10
-1.675489265847756315e-01
-8.008415211126710398e-01
-1.827452830277513263e+00
-7.813968798455652731e-01
-1.721051537003801979e+00
-1.588992394139025155e+00
-7.444452381366867266e-01
-1.362238180306574783e-03
-7.419471542081328792e-04
-1.733882410321639700e+00
-6.880955558277915829e-01
-2.748592695021981891e-01
-6.645925117795826731e-01
-8.326379831830071909e-01
-5.148112172637027140e-01
-1.177478250837817129e-03
-7.914220289606701542e-01
-8.998453564873186705e-01
-1.289822277055153537e-07
-2.755378943187472562e-01
-1.885190608605222584e+00
-7.146372641846855389e-01
-7.948139927713278238e-11
-6.791666578348215522e-01
-3.414067983387629641e-13
-1.371155270740863959e-03
-6.123208695821458116e-05
-1.697685821463972129e-07
-6.628988688488358649e-01
-1.908769276273653892e+00
-1.295234483586297545e-20
-2.024581243116981621e+00
-1.792163719635265773e+00
-7.867536640120000868e-01
-6.429249380684045612e-01
-1.817125480679138846e-20
-2.982658745791285899e-06
-1.818371635332878167e-22
-7.200050222959195612e-01
-2.436784985238438621e-13
-8.098595924074224159e-14
-1.593127358082357947e+00
-6.216573269457490803e-04
-6.116296197835377154e-11
-1.713314186239007206e-07
-6.821269668985877610e-01
-2.869843765377447940e-08
-2.132692326212501113e-08
-9.373508809858085243e-06
-1.390827421453358836e-03
-1.098230183420152159e-20
-6.236760532055254718e-04
-2.233990864411605334e-24
-8.620415824040197350e-01
-1.793144582144334245e-03
-1.969954124094375647e+00
-1.919360567833580999e+00
-1.901661764833811219e+00
-1.883374118060552549e+00
-1.843837974171779859e+00
-1.484996178054331928e+00
-2.923285925461351563e-18
-1.525184773930117216e-03
-6.802000178750355897e-01
-1.743000362394281799e+00
-1.494679493543816795e+00
-1.776958323211873638e-03
-1.267175671143131455e+00
-1.215618932749765513e+00
-7.581819327105264591e-04
-1.736605782065784320e-07
-1.058094485052643976e-03
-7.424273516478562722e-04
-1.934544069639028585e+00
-1.904565520634162512e+00
-2.058689364233764252e+00
-2.037250995651977981e+00
-2.020487302576728261e+00
-1.762169055438268517e+00
-2.008163694548679157e+00
-1.712443771759359690e+00
-1.682112479444711761e+00
-1.599891642146980208e+00
-1.186262570963905638e+00
-1.301870917691659857e+00
-1.788728993347503491e-03
-8.651124028651801471e-04
-1.818500193391576536e+00
-1.774019433287860270e+00
-1.679291782070075234e+00
-1.443128952785764696e+00
-2.006244788629830023e+00
-1.367780495055703316e+00
-1.286675193512151649e+00
-4.214161504591749095e-05
-5.038792213726154268e-01
-4.854303208356128274e-01
-4.499648930509415612e-01
-4.016868891554362109e-01
-1.720536807257948331e+00
-1.355909728319961483e+00
-1.237782537148060857e+00
-4.143396863580236031e-05
-1.755557009433215723e-07
-1.201644963820967240e-03
-1.644862828218602413e+00
-1.545419482340911532e+00
-1.428315126012277503e+00
-1.404330537972896753e+00
-1.357020423519611052e+00
-1.796688217150999717e-03
-1.199688529409920879e+00
-3.351393140092302433e-05
-1.200596973877447607e-03
-6.197574226281919106e-11
-1.550201019590171647e+00
-1.545416820464916687e-03
-1.389691782702026313e+00
-1.130662518948508666e+00
-1.198903120711371532e-03
-3.351491639158685215e-05
-1.790138633021553724e-03
-2.809559295278542807e-05
-2.982335922781760851e-01
-4.113748079113770627e-05
-1.599302815465589278e+00
-3.340708011506086678e-05
-1.478675348169151027e+00
-1.354766735701284475e+00
-1.787053918312252231e-03
-3.591546782109410803e-03
-1.028924668451299840e-07
-1.077517655135375695e-03
-4.092390426877621959e-05
-1.385165532292092615e-03
-1.785305029075603088e-03
-7.351427218700408916e-04
-1.469264880711297128e+00
-1.191056866601227209e-03
-4.673949916557907719e-05
-1.362635326506946409e+00
-4.122090303927349427e-05
-3.845019148142244650e-05
-4.566417940593653336e-04
-1.379118325625809877e-03
-3.278795765274977939e-09
-1.735751920273282929e-03
-1.382876233801495047e+00
-1.411468013158410528e+00
-1.356114648890411889e+00
-1.135635181098808122e+00
-1.631177117518345680e-03
-7.394151977521057004e-04
-4.651759328809369727e-05
-4.370680193875646708e-05
-3.837029165011054970e-05
-4.694788530217446423e-03
-3.297816514817881865e-05
-9.405323142629880284e-04
-9.713375546032410927e-06
-1.040596455606622062e+00
-2.272610575333408080e-03
-7.332607176086563183e-04
-1.047549692849579772e+00
-5.150596866432666622e-04
-1.141735435723366665e-01
-1.266917391600680398e-01
-9.217933144672763447e-05
-4.558193964966044504e-05
-4.250007526429322750e-05
-2.166036838583097421e-05
-1.387860125249604216e-07
-3.264061714744441191e-09
-8.276749315128843765e-02
-7.307481336627837110e-02
-2.383483503402949316e-02
-1.120837494048086969e-01
-4.978818320922605289e-02
-1.730462338966381542e-03
-3.949563166807533443e-02
-2.453751369141258902e-03
-1.275393541034536560e-01
-1.111232868015913089e-01
-1.007397817784725230e-01
-8.857633574861990425e-08
-6.266740326151691619e-04
-1.263540115027372845e-01
-5.350709221680029952e-04
-5.021960723154067019e-04
-4.716283760943459653e-04
-2.298452001815930689e-04
-1.953503316210304457e-04
-1.894043360781267004e-08
-1.552033457257414358e-04
-2.534470710175752445e-04
-1.773983127417272506e-03
-3.589326354710022538e-08
-5.481831041275205581e-09
-1.085399876790825446e-01
-8.570925553781674755e-02
-9.703117861621666913e-06
-1.261647484445331971e-18
-8.872421158197440680e-06
-8.354084764195103435e-06
-2.028623215418341383e-03
-3.575039709537960736e-09
-6.543735383882074539e-06
-1.073553237816284728e-01
-5.778214942537297089e-02
-2.891965338176186425e-05
-1.217296731010657773e-01
-8.427453449625681159e-02
-1.472424154170747521e-03
-2.179663721243970043e-05
-2.507787734507915559e-05
-2.337373698793933577e-05
-2.883702547999728811e-05
-6.404477362763474901e-02
-8.665728236119927724e-08
-1.194009831804213884e-01
-3.356210064153654411e-24
-1.617618316195831862e-04
-1.903692277276075568e-05
-2.092580099601869421e-03
-1.985971088513019400e-03
-2.513200865647647009e-08
-9.395297461406421080e-02
-6.333224811092422191e-02
-7.421986176845537988e-04
-4.866696136726003680e-06
-1.327833256055889031e-18
-1.458047562832588987e-03
-2.866477108342441836e-05
-3.381970289781571770e-02
-1.890494416233408074e-05
-4.199595197628824134e-02
-8.555935621898331808e-19
-6.201469414351232917e-02
-1.262278031310990478e-01
-1.863533126766377026e-03
-9.139866395733917126e-02
-2.070874263245675584e-04
-2.205169211734038466e-05
-1.890625653674519039e-05
-1.137019236182933851e-01
-7.916569818299339090e-02
-4.130969120659194055e-02
-9.891249167692331423e-02
-1.434609894681119439e-03
-2.443374860443142275e-05
-2.197903512135995321e-05
-1.885525657839252984e-05
-2.753895936745880033e-09
-4.097065090228902556e-02
-1.113515904061137818e-01
-1.285221103642307281e-05
-7.769198141806477054e-02
-2.382744571769086946e-03
-2.836534782136845495e-05
-2.144391537880840394e-03
-2.434690161295845347e-05
-1.933648817095632308e-03
-1.878433778086261509e-05
-2.189682675688169036e-05
-1.019309360119993706e-08
-7.521216252347584508e-01
-7.540144214067141526e-01
-4.554352421341033314e-06
-4.285337270484462361e-06
-2.911270282333171255e-03
-7.207397965804443734e-04
-4.025800681809940662e-02
-2.826039442284688214e-05
-6.746891148034464303e-06
-2.425928180572743437e-05
-2.181917547471990093e-05
-1.134184036839739030e-21
-8.662043526218762834e-02
-6.035220592529665131e-20
-7.579658636686584239e-02
-7.318065919458611734e-01
-7.437511628220966342e-01
-4.993067117029913876e-02
-2.352900489470339911e-03
-2.010355606682071028e-03
-1.616102553032928600e-03
-1.865291936528195313e-05
-8.131142410161961280e-11
-6.185309722112786884e-06
-2.416688736778940870e-05
-2.172960401370893050e-05
-1.402190787542922793e-03
-5.779482554621694773e-02
-1.270137469054278924e-05
-2.406658096590411067e-05
-2.164584265487725197e-05
-3.544917889375241284e-23
-6.959041496102580382e-01
-7.330895544573831635e-02
-4.469679812608708996e-06
-6.967456267944649451e-01
-5.684392584484053434e-02
-6.722650961743951159e-01
-2.163017942616704393e-05
-1.825045271242822006e-03
-1.541498057731952986e-03
-4.453575380950676815e-06
-7.136237455047995948e-02
-7.794070296545992652e-06
-5.580947013140724611e-02
-5.175357290574896831e-06
-1.004205402152901494e-01
-8.264390417604808086e-06
-7.262096406229646695e-01
-6.830440615540946947e-01
-9.320539022271282894e-06
-3.274618459208634286e-02
-2.819390027671437923e-05
-3.010431817283585818e-02
-2.650557795263599006e-05
-2.490172841344815455e-05
-2.340991353668639069e-05
-6.540680852640715637e-01
-5.627228821485182747e-02
-7.007490093608398363e-01
-7.068961001868645511e-01
-6.292490555114361728e-01
-4.072382515301003840e-04
-8.514867331113951110e-02
-2.310393181702682843e-04
-6.729412914287924430e-01
-6.435835813067004585e-01
-4.999539450558205628e-06
-1.512336289462872429e-04
-1.047872179110619362e-01
-6.022600026290464153e-06
-6.289163400169635043e-01
-2.046862075520228079e-04
-8.188524283579642993e-06
-1.505610616067898572e-04
-5.023700500548945516e-06
-6.529689506431347601e-01
-6.421517481503844493e-01
-6.646618955697665421e-02
-4.738895297208643425e-14
-3.720189560701327503e-23
-4.455077287442165815e-06
-7.029788080301497118e-06
-5.793589935938145226e-06
-9.161776753252690204e-06
-4.979283635866900899e-06
-3.716268397599452929e-04
-5.295692677417063263e-04
-9.115966954569330473e-06
-6.320150290301788112e-16
-1.805700423805626695e-04
-4.416875413413726122e-06
-3.224125489605209234e-04
-3.035670189826210601e-04
-7.259560622401747265e-01
-7.184117075007708797e-01
-6.980579488134983634e-01
-2.377712377789195576e-04
-9.069617243838300387e-06
-9.073634753960853339e-02
-7.993468882670715092e-02
-7.292323265086318729e-02
-3.727028770114090047e-23
-4.396485664784631021e-06
-6.511797057176704495e-06
-3.429648964957388218e-23
-5.654797357237357366e-06
-8.924065907342473847e-02
-7.525068931544258710e-01
-7.370540228467455934e-01
-7.308789424953969771e-01
-7.006690142629713458e-01
-7.800633166134134100e-02
-5.384396683406004590e-04
-4.212175904780834641e-04
-3.634293761496166825e-04
-8.629875750115914013e-01
-7.988305904179380246e-01
-7.913075580994206604e-01
-7.766376399424584909e-01
-7.372150629874963945e-01
-4.180440330531836821e-04
-5.186408559684820122e-13
-8.856397876273484071e-01
-8.602245264366717992e-01
-5.214035953323441133e-04
-2.256111073160928259e-04
-9.194936928039871346e-17
-3.439186718432542190e-23
-3.527064732079675420e-04
-1.279599634710681493e-07
-6.920420183030674410e-01
-9.508360567248196338e-01
-9.306985406884793477e-01
-8.997220089577775415e-01
-8.282671768705395232e-01
-5.820480004318835388e-01
-5.159883080002783950e-01
-4.795236481015412999e-01
-3.332734709783758964e-01
-3.191375839748729071e-01
-2.266534798145063145e-01
-2.232126435774242357e-01
-1.278294439969976273e-04
-6.667018594138439669e-01
-2.522596520688704822e-05
-9.363755907861400773e-01
-4.558169062849471684e-05
-2.580931046101660881e-02
-6.728484237073992791e-01
-1.537169817676497796e-01
-9.835858700881106031e-01
-1.532091650037624986e-01
-4.879164072609482039e-01
-2.883404148563045166e-01
-2.135168228938165436e-01
-4.737225016039980224e-02
-6.487328560993333992e-01
-2.340501462373505148e-01
-2.034949414292010483e-01
-1.933293130333995635e-01
-1.761559867310375782e-01
-3.309472437393885108e-02
-3.119904984521970279e-02
-2.688880158050721211e-02
-2.517573313604330384e-02
-2.405865902567677975e-02
-6.915154694333518481e-01
-8.860393825458353634e-01
-8.428380643561269592e-01
-6.102108096940448423e-01
-5.498795516128147686e-08
-4.621807118226810067e-23
-3.584070797500247035e-23
-1.509612411316581249e-01
-1.425504912110103495e-01
-5.471057180308614987e-01
-9.651823627777027514e-01
-8.855575062821255949e-01
-8.467292724155565109e-01
-4.690651178744977517e-08
-3.285128557215329370e-01
-1.882897724282991564e-20
-2.012352328267920654e-01
-1.279550389098475608e-20
-1.529902265525939632e-05
-1.468923449148835322e-05
-1.087496920252590531e-20
-1.276475672926176220e-05
-1.643046620534367730e-01
-4.525144447043306928e-02
-4.000858066121990714e-02
-1.413070304824838308e-01
-4.080717170882619762e-10
-5.818414316269294728e-01
-6.998708683792091058e-10
-9.264088768095968263e-01
-2.562745600757588768e-02
-8.693438141281679687e-01
-8.559932167437163120e-01
-8.347933907648000806e-01
-3.502087774619291188e-02
-3.699222227965539012e-01
-2.979646833989115843e-20
-3.294366929906881181e-01
-3.169345713140924170e-01
-2.748772467903648486e-01
-2.659780888952298916e-01
-2.051738640911605850e-04
-4.041227539878002317e-01
-1.085896541076713159e-14
-2.782627439435493980e-16
-4.902675665297488716e-02
-1.271771498121622435e-01
-1.400886742315608224e-01
-1.183961978737283018e-18
-1.893518267968519464e-01
-4.475542760088969257e-02
-2.513438474573796017e-02
-7.717507719375599207e-01
-1.714444885589212209e-01
-4.646922721636578824e-02
-7.964521137503061121e-01
-8.483297764888855230e-01
-8.341329414126230635e-01
-2.497588793660926454e-02
-4.483233820472665165e-01
-5.599294702881403296e-01
-5.519297941710215039e-01
-1.884624674405238343e-01
-5.222652508788021564e-01
-5.150924793194486817e-01
-4.004455270790831523e-01
-3.120289638235603902e-12
-4.058955693838469519e-02
-4.788704322623044823e-02
-3.643751966518642832e-02
-3.372270201007525336e-02
-3.238499599574588550e-01
-4.489741764093018728e-01
-1.706983241093362469e-01
-2.719343341010520554e-01
-2.318818580130083407e-01
-1.991932374121457155e-02
-7.309803199889193248e-01
-4.498317875468400007e-01
-3.351098539267098608e-02
-2.982353455081082974e-02
-4.044291059038947200e-02
-2.466791402120986978e-02
-2.279657040767091650e-02
-6.460058534864461244e-01
-1.304463325860601673e-02
-7.785794492103368380e-01
-1.818392149481906986e-02
-9.517763749493700007e-03
-8.460624524043449182e-03
-8.040958325488475542e-03
-7.643264589937846278e-03
-6.400844387822136536e-03
-6.022581375933212453e-03
-2.451876278388930713e-02
-5.667373655546559599e-03
-8.456111845865595944e-01
-8.346489933502655445e-01
-4.719257483930860801e-03
-4.434367090385620686e-03
-7.801194030495487430e-01
-3.676470770074628889e-03
-5.662785259631819557e-01
-5.427344727988381301e-01
-4.609112398221016926e-01
-5.201035758365116779e-01
-6.617386301743160004e-01
-8.341743848396537819e-01
-3.643843326765790480e-01
-3.309439689831784187e-02
-3.251593941564062118e-01
-3.189259496572016683e-01
-4.425630707407506303e-01
-2.251362008256748912e-02
-7.817444222236741291e-01
-2.205128976899101978e-01
-2.105176915309928953e-01
-2.057684154306231028e-01
-8.340130762416058108e-01
-8.207998317446726366e-01
-1.164294696833621031e-18
-1.386260724077327507e-05
-8.344279127531879503e-01
-3.533054779844282955e-02
-7.410963195301623063e-01
-7.042209448428310425e-01
-6.542792486815772746e-01
-6.140372386188619469e-01
-1.520730142180705749e-02
-7.771494244911678929e-03
-2.683000578506015976e-02
-6.067447087189281087e-03
-2.397684854728254419e-02
-1.061109126739123373e-02
-7.052488116448772937e-01
-3.508576216286490856e-02
-2.887039713197385449e-02
-1.143050405650743920e-05
-3.014512172391679498e-04
-7.433919404751700988e-01
-5.786324544927105018e-01
-5.615122037496169671e-01
-5.453488154135810451e-01
-5.363477008529912021e-02
-3.387270014500991504e-03
-3.572836968979109518e-01
-3.401540679664826206e-01
-7.444041202523661305e-01
-7.070673626913802634e-01
-2.662734675823876795e-01
-6.009187832953151800e-03
-5.470607168257751209e-03
-2.262650902438700373e-01
-2.178783971485229454e-01
-2.092188008979328495e-01
-1.841239105958036026e-01
-1.363085395432217239e-01
-1.634401057993583456e-02
-1.836166204248367573e-01
-1.495502441866383009e-02
-1.431977189983955380e-02
-3.458942826974618912e-02
-2.846487703070373076e-02
-1.112673250237560842e-02
-2.638662313070181190e-02
-9.545033621194855614e-03
-9.127373777035851718e-03
-8.345534558963044747e-01
-1.406038116641683544e-01
-8.489565502415258313e-01
-7.196484769524169600e-01
-7.114131888048340624e-01
-6.549537410198376097e-01
-8.296752890825257465e-01
-6.463072630896006254e-01
-8.247355181553142067e-01
-8.126990301253120830e-01
-6.210161603251387330e-01
-2.343718987356805880e-02
-2.655847260262130232e-03
-2.520931627400628105e-03
-4.283791566488839679e-03
-3.246792094967326062e-13
-3.659200430193615960e-01
-3.252682785945230082e-01
-2.787348702020513991e-01
-3.828082219429320560e-02
-2.740443165923625579e-01
-2.411088366676112094e-01
-3.165858577926864564e-02
-2.208613857488019305e-01
-2.106809104965160495e-01
-1.920977411359666154e-01
-7.524604582979539484e-03
-3.807544262483709974e-02
-3.147962993701766687e-02
-2.317573766984467459e-02
-5.327765065054388023e-03
-1.542035417276165776e-01
-4.238815782520844073e-03
-3.785097394228529449e-02
-2.784543075920354119e-02
-2.305590506673666634e-02
-1.532834440110488958e-02
-3.122827487534304142e-02
-1.163562869687927506e-02
-1.380363612728093547e-01
-8.657032495871553879e-01
-3.983281721847195533e-01
-8.635154218691376560e-01
-7.410601467180985003e-01
-8.816930318778510094e-08
-9.312605925989247075e-08
-3.368117587996971585e-02
-3.142094830726146482e-01
-6.686623862466738411e-08
-6.322566365283536601e-08
-7.226478421290193355e-01
-6.942067153599434937e-01
-6.637322097327447504e-03
-6.420851280739587885e-01
-5.746376346021780934e-01
-4.362326095768374601e-01
-8.828208433959650048e-01
-3.021273209630282418e-03
-2.852512164187445132e-01
-3.736463983539690253e-02
-3.769415521222060361e-01
-2.385657298237508269e-03
-2.242122668994492220e-03
-2.106705921050047812e-03
-1.639012925080632344e-01
-2.746215381565540459e-01
-3.344200258995837227e-02
-1.662553751192518336e-03
-2.339603628506247979e-01
-1.486190023463269385e-03
-2.069502050428364270e-01
-2.102945943794499312e-02
-7.361257277607345488e-03
-5.742323641478858445e-03
-2.836827061941073480e-01
-1.497120492534602942e-01
-1.571129606038551216e-02
-2.528744027442018927e-02
-6.078151474979340829e-01
-1.334611921395166545e-02
-9.341177090864127841e-03
-2.708205431656083434e-02
-7.035530998669339287e-01
-2.257566731723281359e-02
-2.798969634857357836e-01
-2.111119965103993527e-03
-1.835885531608371464e-03
-1.317368733683237179e-03
-6.519254252968041848e-03
-1.096225220882212458e-05
-1.772401764475245167e-01
-3.556773774172429792e-01
-3.373515321365239683e-01
-3.085037209127025615e-01
-2.644971474981621107e-01
-6.490307878060343606e-08
-7.392143907562421790e-01
-2.350531571479968773e-01
-2.676576832062759967e-02
-6.013751605911398235e-01
-2.749260393320381857e-01
-1.016744944902892456e-03
-2.648529853738524481e-03
-1.354229502946015518e-01
-7.389607310050281966e-04
-1.820881116086240335e-03
-2.065289778022241091e-02
-1.652261863335965572e-03
-2.233153882821939384e-02
-5.196739579094683363e-04
-4.935769069470003758e-04
-4.088672441303955844e-03
-1.758650382222289033e-01
-3.203459513201964426e-02
-3.309126531883243086e-03
-6.938983278023507228e-01
-5.960840677829778445e-01
-8.700113087641111465e-01
-3.508270921788815257e-22
-2.286969072058123598e-03
-1.806448092548153814e-03
-1.606481710413501990e-09
-2.948796870005013226e-02
-2.214324055169876113e-02
-3.813136060070793781e-02
-7.295067663339518393e-01
-1.295482541121772101e-03
-2.134132598291132101e-21
-1.041588880917579580e-07
-3.601725960431195576e-05
-3.873787328993478357e-05
-2.042832500813518762e-02
-6.322285467837773787e-01
-8.651409813108135172e-01
-1.276983494439039509e-21
-2.868382944340243639e-03
-1.292974332638153756e-01
-8.755092643294220052e-08
-5.276113124134536037e-01
-2.267898726288684538e-03
-6.287688384708987055e-01
-6.829522779329199045e-01
-1.497343032193879152e-21
-2.059913311400844802e-03
-1.490333087093735076e-01
-3.573108344385773627e-01
-3.217994372044477580e-01
-8.613080818985801024e-01
-1.284685697227878117e-03
-2.190691908455726922e-01
-1.767860949890776717e-02
-6.250170374914022497e-01
-2.043267489524077385e-01
-1.039458838879821287e-07
-2.959505821273750170e-02
-1.031075968996367307e-03
-3.756903730519325219e-02
-1.538069073725989722e-01
-9.047798788523667276e-04
-7.932177628772968479e-04
-7.223371891995082530e-04
-7.139165125929920475e-01
-8.751468480851571713e-08
-5.791609192718299992e-01
-1.571028018263139758e-01
-6.460637323814499998e-08
-1.716942057109103192e-01
-9.962356159422376678e-03
-8.539712952484606462e-03
-8.004825624999885314e-03
-5.741789007747972740e-01
-9.054597496716053628e-01
-8.591434011953947847e-01
-1.035486979558247430e-07
-1.179707375169756573e-07
-2.232659552663637196e-03
-1.558505726307117534e-01
-4.894025503540212485e-01
-1.762209349756593520e-03
-7.728859467750828377e-08
-6.019138036817415216e-01
-5.929288267603096685e-01
-2.521914160024402718e-01
-2.464142246805925418e-01
-6.957341504639474872e-01
-7.484579345909674331e-01
-2.352670607729236973e-01
-2.653403735965730870e-01
-2.197328372593699286e-01
-2.907840644402737706e-01
-2.002175018108187654e-01
-4.332625619666062924e-03
-1.061232669961290065e-03
-3.681744785930630287e-02
-4.846704057671738289e-21
-1.036085489709080480e-07
-7.817240586388052087e-04
-2.215886461025436387e-03
-1.174577662945206649e-07
-5.233497525857437171e-04
-2.795275137586744358e-03
-1.577713623920301248e-09
-2.078879112036036429e-04
-1.375502472548963356e-04
-1.259181475907913961e-01
-1.972925350896300931e-02
-2.684886905199956528e-02
-2.747005114564159134e-02
-2.810128136509952579e-02
-7.588090164210470334e-01
-2.172378389529748544e-02
-2.904449964599017248e-02
-1.610292721054205553e-02
-1.169455516303517347e-07
-1.371635617042847545e-03
-1.027803142924828312e-07
-1.375931070739800505e-02
-1.334803929637919974e-02
-5.116431629713570350e-01
-4.970886489031731137e-01
-3.614373945737259786e-01
-1.032586529606380199e-02
-2.188037486527813578e-03
-4.803997620658621015e-01
-8.360319657612138092e-03
-4.168857517661406567e-03
-3.345331316975029279e-01
-3.400574857304873855e-01
-3.910292511779623337e-01
-3.077747620443125887e-01
-2.079672325220856266e-01
-1.967784953056824493e-01
-3.543909913656829724e-01
-1.902654707223191133e-01
-1.240487807529301739e-01
-2.174033016654544192e-03
-2.550560532175725204e-01
-3.860981808331181431e-01
-1.355290093421639879e-04
-8.364061191701429795e-04
-8.006350328331511904e-04
-3.516724944871772451e-01
-7.332135414778729850e-04
-6.388838145218085369e-04
-9.978344242893215364e-08
-2.762979484075534994e-02
-1.692757587966851537e-02
-2.585192883494114025e-02
-1.353507755668113040e-03
-6.353781703890547528e-01
-2.406036093433191331e-02
-2.269112531707107375e-02
-4.907042669948684550e-03
-3.486913612214494473e-01
-7.050851757516032325e-01
-7.775935202240958910e-01
-1.485059342067225445e-02
-8.458645900098076945e-08
-1.408659403625111758e-02
-6.786300074019552052e-08
-7.508290377109678726e-01
-1.315477099225943053e-02
-7.447827543575999965e-01
-1.276238471852663738e-02
-1.237901431599677804e-02
-1.355838115706672342e-01
-4.798152544867712033e-01
-6.266748520781645349e-01
-9.571996590208756150e-03
-8.930953693144420488e-03
-7.046381424110214828e-03
-8.528859900484344822e-03
-6.686155338605584593e-03
-8.205357951937960678e-03
-2.509613960937746580e-01
-3.457164953415780007e-01
-1.932047003474607338e-02
-4.606868587712005247e-01
-2.776212028197590991e-18
-1.683276887855121237e-02
-3.026754326189616262e-01
-1.220158210131569720e-01
-3.228504360132082307e-01
-3.128983729756231735e-01
-1.709455691091783525e-01
-3.215460747667988478e-02
-3.425703143935501793e-01
-2.146745075175383530e-03
-2.489630048523640005e-01
-2.025521669280762882e-01
-1.218992685154608952e-03
-3.493244175426150205e-02
-2.124532057789851970e-21
-4.692287533568412217e-01
-4.138963083109641061e-02
-1.124299093944151494e-04
-2.688054161757390537e-01
-2.502577360346648905e-01
-2.422697133294466343e-01
-1.814800168545135581e-08
-2.452054732723694605e-03
-5.503617712441655208e-02
-1.211179220750234226e-03
-1.663340767906100123e-02
-3.953777368557348515e-02
-3.802646541328138369e-04
-2.598299663500823822e-02
-6.565008955042109795e-01
-2.270370456108804225e-02
-1.522914316375082160e-03
-5.470379899478695906e-02
-2.120971004670479856e-03
-6.073508156873497210e-01
-6.909167015140665891e-01
-1.511709775245714642e-02
-1.325829737492223263e-04
-1.601393407094609811e-01
-6.617375486220899994e-01
-1.262677804486266042e-02
-4.466351405857996726e-01
-8.973411975824010720e-03
-8.465873865031779341e-03
-4.786979596878753254e-03
-1.419251258889283052e-01
-1.193491129031346853e-01
-3.232701330592962496e-01
-1.512981203883356860e-03
-3.088492416588197731e-01
-3.139426484226220393e-01
-3.000297387594088039e-01
-2.624306716413217222e-01
-4.406873715576993013e-03
-4.380683767855058641e-01
-2.628702651468874107e-02
-2.143896332591778420e-01
-2.097698484744615344e-01
-1.299671377478071183e-02
-5.077574998980145455e-22
-6.798186692878345605e-22
-2.095386359639295204e-03
-2.804263637540260062e-02
-1.061697515595498749e-02
-1.502379187226192533e-03
-3.549947291087713307e-03
-1.188843313623246271e-03
-2.118596169517581322e-21
-1.306949272657966638e-04
-1.310858308387343948e-02
-1.295998962296582846e-01
-4.874783839138546182e-01
-1.889829361078518202e-03
-1.491880921379233442e-03
-1.646175170305277588e-02
-3.061724476286981633e-01
-6.568949460358290693e-03
-3.387503907879301779e-01
-1.783280759486243761e-01
-1.488127132858261944e-21
-1.189032700290337460e-02
-2.775883625744900510e-02
-2.079013024833501200e-01
-5.383623145553208082e-03
-2.515592720088435041e-04
-2.174249662680777825e-04
-1.503510423807367350e-04
-3.213186392037144755e-03
-1.824864206266957611e-01
-3.037604196866489775e-02
-3.302170433881344846e-02
-2.063292486478605654e-03
-6.018085389039373040e-03
-6.681190542531015818e-03
-1.289709428200083025e-03
-1.195837771918263105e-02
-1.148385828941043442e-02
-1.288478763831171672e-04
-2.113885709912559849e-21
-9.013068185914700127e-06
-1.876798200421929755e-03
-1.805073340042687071e-03
-2.417644986720101641e-01
-2.796548199798591927e-01
-1.536317341512000037e-03
-1.279384526627082817e-04
-1.175256217971507988e-03
-1.129024459226712169e-03
-1.982555242127168049e-01
-4.900512039313448809e-01
-1.996433291325312442e-01
-2.295490945889104573e-01
-4.653570547790759626e-01
-1.124892141872038677e-07
-3.870466192598354671e-01
-4.351295826581611514e-01
-3.395317946926911548e-05
-2.550133070202122987e-01
-2.846082501092105874e-05
-1.781666207984520245e-01
-1.667079713325692880e-01
-2.042557396545672255e-01
-1.419646435238637039e-01
-5.239191182850404892e-19
-3.809120317881047740e-02
-1.806780548000741198e-05
-1.111805073146869202e-02
-2.072584430422969581e-01
-2.534399284749589421e-01
-8.273611791880245564e-03
-1.004406622600406342e-05
-9.411529706599130533e-06
-8.812092503710293345e-06
-4.275994791660370775e-01
-8.009907046343692910e-03
-3.697556633915073387e-01
-7.699244476927514895e-03
-2.398282823298096555e-01
-4.482842584345809178e-01
-4.199558836748810697e-01
-2.413999360512133763e-01
-1.906241634501762705e-01
-3.041724826806982765e-02
-3.721881487662331289e-01
-1.243793987133668408e-03
-4.340878360826935234e-01
-9.259801483730634771e-04
-7.910455914706640990e-04
-3.922542526191274415e-01
-4.158942873867930712e-01
-6.337317712960884204e-04
-2.948674730521296319e-02
-3.535297884307422311e-01
-5.093880278748908136e-04
-1.481534865739629336e-01
-1.337924378153069159e-02
-3.854142775485024930e-01
-4.089285730404648156e-01
-2.864904634643189105e-02
-2.247404875687634392e-08
-1.390419710346121810e-22
-7.078992575463463437e-03
-1.373183353305123811e-01
-2.778339971930874133e-02
-3.435700979844384384e-01
-4.545642683105386578e-02
-2.497232273110700784e-01
-1.466239662402818444e-01
-2.108267401601348665e-09
-4.152785863373681940e-01
-6.207668565257080939e-02
-3.632554199276742946e-01
-5.810932752789241956e-02
-5.445150926518246837e-02
-4.527314880751071025e-02
-2.518326941242869377e-01
-1.030905702844384645e-04
-8.228925562233032915e-04
-3.785661225634883720e-01
-3.198784948414492429e-02
-3.340901931960134075e-01
-4.609097284101619230e-01
-2.599153143555923973e-02
-2.531006699191720721e-01
-4.876920477867399163e-04
-3.587485126165177438e-05
-3.725344084280225454e-01
-1.683649892037097917e-01
-1.942223363583028828e-01
-8.401923390544643335e-22
-1.445948370091774127e-01
-4.188580814328720092e-01
-1.674504345031719299e-01
-1.930668210682979224e-01
-1.384260932856255961e-02
-3.724147262851386087e-01
-3.265914040330133300e-02
-1.135018382110722021e-02
-3.212429475170975324e-01
-1.644868574459820113e-04
-1.565183444008059754e-01
-1.432866810299297522e-01
-9.359319145768976375e-03
-2.067022278944850577e-01
-7.942685935806853559e-03
-8.345495424560749000e-05
-3.369091122917428072e-01
-2.846151000826981775e-02
-3.675739010748421275e-05
-5.454363679928567882e-02
-3.038978601607774110e-01
-4.747674887046778036e-02
-3.615833526533656639e-01
-3.504787514182531316e-01
-1.420212547779549084e-01
-3.807429919398407914e-01
-4.448512109525697145e-02
-1.894214511190147054e-01
-4.637733374126950126e-04
-1.276094407805428935e-03
-9.450632085565156999e-04
-8.985229229819306990e-04
-3.183226667400572696e-01
-8.135940784234117025e-04
-7.750365510256027480e-04
-1.542944231003487432e-01
-6.514470690751073814e-04
-4.430774728758498510e-02
-5.210072265720438762e-04
-1.633746291378563031e-01
-2.383879385176103372e-01
-1.275492383366850883e-02
-1.317233254366826090e-01
-9.247243565870316359e-03
-4.416754244923246780e-02
-3.933134490847699227e-02
-8.434437155903383443e-03
-7.767456162417639073e-03
-3.847143897747175578e-01
-7.458104901052574690e-03
-3.659351006282630658e-01
-3.368129654919130300e-01
-3.131400049385770629e-02
-5.728626643473442442e-02
-1.750796330374655430e-01
-3.196456275837887828e-01
-3.182619921718558564e-01
-5.403003330994725351e-02
-5.174042225148731827e-02
-3.065861727101549250e-01
-3.035320069595124348e-01
-2.913004999745785750e-01
-1.416980349617479691e-03
-2.870598314444754440e-01
-5.147327701086697530e-03
-5.026019187020166930e-22
-2.823480170223669483e-01
-3.631055593220289734e-05
-1.377449907367681224e-22
-2.219742909306016698e-01
-2.189146171155849918e-01
-2.062933173089971650e-01
-1.964639436047889431e-01
-2.431813659993685983e-01
-1.197240699918597061e-03
-2.282384173780879488e-01
-1.799417694114659461e-01
-6.498659793819756836e-02
-7.071863045226788047e-02
-4.982115515323859960e-09
-9.331814648408868606e-04
-8.880377996731220408e-04
-4.419242117543522217e-09
-2.366024449889198855e-01
-7.659384789414494044e-04
-4.453612206209558105e-05
-7.334836167692435852e-04
-6.724418027669566093e-04
-3.904792001236890436e-02
-6.959714523959072141e-02
-4.338809438574389721e-02
-3.259279953844197979e-04
-1.622468273907594534e-04
-3.248270911812740080e-01
-3.191082880326472915e-01
-3.152897020654267801e-01
-3.137558689563855752e-01
-3.089823993515277700e-01
-3.064652740274163567e-01
-1.768230747712562143e-04
-2.072769423151825071e-04
-1.962695238785470975e-04
-4.873899219558573692e-03
-2.874962832735118434e-01
-2.861456521207499382e-01
-2.807564927483758854e-01
-2.777162568278567223e-01
-2.743868928913284488e-01
-2.708195051015608312e-01
-2.430338432359285404e-04
-2.263178930570549363e-01
-2.232264822945400629e-01
-2.043265308870973740e-01
-1.823674489966702061e-01
-4.144332585901731592e-01
-1.177844800610385436e-03
-1.121759158618210314e-03
-8.734750294938180542e-04
-4.117263692285330068e-01
-7.536532183833549812e-04
-2.670200901380913663e-03
-6.894806005641355507e-04
-3.208989072022380706e-01
-5.230211957406145050e-04
-4.978623550721208600e-04
-2.444275065136141123e-01
-3.031740419860086688e-01
-6.042028294009805719e-03
-2.915243417370320111e-01
-2.855375612719706080e-01
-5.405456125107758331e-02
-2.974768030616102288e-01
-3.599161631208094292e-01
-8.906417858073088084e-03
-1.702688304413186304e-01
-2.973153530957362792e-03
-3.184332110215878919e-01
-3.099334181611950734e-01
-2.766350732935925483e-01
-1.381244739267872400e-03
-3.018473521357384892e-01
-2.970701278371110088e-01
-3.362133300545292469e-01
-1.699933718698339591e-01
-4.043264887509377403e-01
-3.444975130199386722e-03
-1.798473565867063084e-01
-5.527587025547067538e-03
-1.166013299234660086e-03
-3.353129898224394001e-01
-9.553636720286310747e-04
-2.847942206565918233e-01
-1.696876581608142143e-01
-3.785277011515871676e-03
-8.653261147802091295e-04
-7.822488795457248085e-04
-7.441007520609242048e-04
-6.527821959836012811e-04
-3.558461540068583728e-01
-6.757754180095086605e-02
-4.340199426691818016e-05
-4.037668106363580169e-04
-4.004584934915290662e-01
-1.932819345636664632e-01
-2.023449110207986013e-01
-3.023675989568750389e-01
-2.977277430385826817e-01
-2.779541325465142432e-01
-4.318543915242894701e-03
-2.896603613960143124e-04
-3.181904824443081425e-01
-1.791488860825316276e-01
-3.106076847189155332e-01
-1.460002301695945484e-02
-2.473644574563388398e-04
-4.347472439023482293e-02
-2.227759740239408832e-04
-2.921890258465243417e-01
-3.788790462079461019e-02
-5.536697511235504077e-02
-5.377485408937289491e-02
-5.220608324770334430e-02
-2.430749050521607280e-01
-5.946383697958056332e-03
-2.932218643984660922e-01
-4.754624485801483939e-03
-3.359721846545208335e-01
-8.508286634170360643e-03
-4.233191650358958391e-02
-3.553471037770343788e-01
-6.565329176775016456e-03
-3.964858148843579122e-01
-5.455419163301587944e-03
-3.080059548212867870e-01
-4.221114703517189759e-02
-2.962386957530868115e-01
-3.963726517620123624e-01
-4.733362229240950514e-03
-3.245445627053287763e-01
-7.336366317223889932e-04
-1.356759532181342747e-03
-3.574896647576917830e-01
-6.436519973099677581e-04
-6.153499651260360085e-04
-5.365577001160983482e-04
-3.758876527662804307e-02
-2.914236150263006531e-01
-2.824746972442659376e-01
-2.775475728713092051e-04
-2.456968155673667337e-04
-3.421301009297287865e-01
-2.026485925771645449e-04
-3.969680949721393626e-01
-2.025068890973625579e-01
-1.351014314478162469e-03
-3.738114454468077167e-03
-3.432511719653184336e-03
-8.338751988825663861e-03
-7.920361887327292266e-03
-1.570938866796535993e-01
-1.459072906716641445e-04
-3.994187483405752248e-01
-9.328551777006714642e-04
-3.673263691353590987e-01
-3.228199158422923043e-01
-3.521734538979094387e-01
-7.269436099108619095e-04
-2.480738253385732783e-01
-5.572685683446647114e-04
-4.816113129686726865e-04
-4.365942454547290259e-04
-4.160568908092886274e-04
-3.353908230474081376e-01
-3.564659977346386621e-01
-3.446943507776755733e-01
-1.552152446936576613e-01
-2.620766254123912398e-01
-3.403492426620388089e-01
-3.317296646379039315e-01
-2.421467139677992708e-01
-3.664307222322276125e-01
-4.313790854722566667e-03
-4.137117792394934442e-03
-2.761566703350673514e-04
-3.968128392265206882e-03
-3.341901234326016476e-03
-3.038570596250396265e-03
-1.687823694380391861e-04
-5.816242774799602194e-03
-3.720910705352350467e-01
-6.918573442307995695e-03
-3.661115067282016411e-01
-3.286316734658591421e-01
-3.701845659857257859e-02
-3.419184207184016167e-01
-1.225999381250410334e-03
-1.170458804620200200e-03
-3.738936596049588501e-01
-9.706758014419648211e-04
-3.341632422482539999e-01
-8.342607927556367148e-04
-6.577763507244554445e-04
-5.247468279166081885e-04
-2.717155101422667474e-01
-3.635823146098218859e-03
-2.491459695369294403e-01
-3.688286624801705160e-02
-2.507283240765066212e-03
-3.681304152268887603e-02
-2.369744283758332386e-03
-1.474457617929864593e-03
-1.586864361482790645e-03
-2.287944241494128201e-09
-2.647398278997945553e-01
-1.120515033910884830e-03
-9.138500199589136589e-04
-7.435310682103841388e-04
-6.975493050899202315e-04
-5.369243789771723820e-04
-5.759136891477790446e-04
-4.168814094858653771e-03
-2.842398760907466349e-01
-3.663634877589028171e-02
-3.138882459642016571e-04
-9.614284927644115020e-02
-5.112738717242592927e-03
-4.792962309254392389e-04
-1.658376334095998730e-03
-7.175830898119019488e-03
-3.153836570427207778e-03
-1.366899230899763697e-03
-3.633126044853952994e-03
-2.714072097024139256e-03
-1.817922930632543494e-03
-3.355115905880114505e-03
-7.349609573472209176e-04
-9.841811311672275797e-02
-7.840671838925567265e-04
-6.514815578059482198e-04
-4.111400912481922784e-03
-3.643029541830711260e-02
-4.970322670349360103e-10
-3.045503686655495372e-11
-1.414395182895018289e-02
-2.251444984639243384e-09
-1.360321436790993188e-03
-3.608313706956943218e-03
-1.065826531533008333e-03
-2.694186842823827113e-03
-8.873329387345739146e-04
-7.453227339693953291e-04
-2.940607803318659019e-03
-1.799315836509842196e-03
-4.060618461208069345e-03
-6.473209590755646392e-01
-1.435163045774982479e-03
-9.727101472518608072e-02
-9.532985590870454240e-04
-6.704594480667391831e-01
-7.065643609818026295e-04
-7.577632507602245987e-04
-2.221856960673249870e-09
-1.788471531487908833e-03
-3.620802931672841528e-03
-3.003524234108089289e-03
-2.301750910532772854e-03
-2.071993589942490097e-03
-3.259567674142036436e-05
-4.039392672329203751e-03
-8.088897322254788233e-03
-7.552922313357489370e-03
-7.323420196028447571e-03
-6.540602028929033175e-03
-6.211169887852105095e-03
-7.353597456275005051e-01
-3.951987613192568024e-04
-1.104768009670023575e-03
-4.009467990677861859e-02
-9.666613649820396609e-04
-4.033246392950860099e-03
-5.325628430376208198e-04
-3.301046264040822815e-03
-5.661736374888320152e-04
-4.008351567196165310e-02
-3.939915640769212427e-04
-4.035293154815010330e-03
-1.608480667684819782e-03
-1.768547647131069305e-03
-1.539067934286377579e-09
-2.046740221315554442e-03
-8.411806977349476355e-01
-1.137150373651742846e-01
-1.086925535606241416e-01
-1.560500890255164764e-03
-8.150676160611695920e-02
-7.612034480846639750e-02
-1.355461743478389392e-03
-6.570513963619453723e-02
-3.391337287746132387e-03
-2.891075158852903816e-03
-3.234540394489467726e-03
-9.365707263360776138e-04
-7.264931719977441027e-04
-8.640804202734666539e-01
-6.803428364150733909e-04
-8.807953705880237072e-01
-3.730042942738654322e-03
-3.561650258513243336e-03
-2.024234944414445275e-03
-5.308421547244414514e-03
-4.910761341215231016e-03
-8.500465002696444561e-01
-9.137830190429649655e-08
-5.562666385073789443e-04
-4.876173292459059605e-04
-4.303228400994877495e-02
-9.640464461268368757e-01
-8.356745406010646082e-01
-5.477057702253793764e-02
-8.485183524232560170e-01
-9.556072444933684240e-01
-5.157322632390096589e-08
-4.385760646615088540e-26
-2.160742826226510115e-09
-8.453351838514672201e-03
-8.027724542400953983e-03
-9.219054045234907901e-01
-1.355512706738618706e-03
-8.056037896424496081e-01
-7.493455687895512751e-01
-8.831227013309963514e-01
-1.068960744012019837e-03
-9.648502716740252425e-04
-2.904602461112668500e-03
-2.579344325631516884e-03
-5.993367439178946343e-04
-5.091767904984410842e-04
-4.840774124808848097e-04
-4.133066251361453805e-04
-3.700210562226009022e-04
-9.899445658073239285e-01
-6.920373712540823785e-01
-2.963798867488542197e-08
-1.100919817985168210e-25
-2.245817792327949664e-08
-4.219993136154788187e-11
-9.109295731101896276e-01
-6.303674860780422717e-01
-7.156663632228955560e-03
-6.205460466402462107e-03
-4.213836392500198459e-03
-1.237717020741538161e-09
-2.158965487347808913e-03
-1.951813431309098188e-03
-8.183246532739783381e-10
-9.211743537479384347e-01
-3.213817063506299276e-11
-5.708428458882467842e-05
-8.143634239252800500e-01
-1.542900305497536817e-03
-4.977440872168154180e-04
-6.758581849072797754e-09
-5.909430274361840985e-01
-1.385986970642661262e-09
-2.249724923089288412e-06
-3.731730953647511705e-04
-1.391303325277971588e-04
-2.679503669804750944e-11
-1.845596961233311747e-11
-1.391657482275065578e-25
-1.749097198295432587e-01
-2.493953417713388326e-03
-2.809375924297869427e-12
-1.701554121018504550e-03
-9.695808281615033719e-01
-8.368446824459230271e-01
-1.632692260122591554e-01
-5.025968489227191326e-03
-6.941606254929854541e-26
-4.136858587481259154e-03
-8.058102967458535826e-01
-7.430328725255171234e-26
-7.406259996228751197e-01
-1.369362346779556816e-01
-6.965823743825381165e-01
-2.144111861926700346e-03
-1.863251285657987200e-01
-2.589376936205176201e-08
-2.408069722125746488e-08
-7.913371421177753939e-01
-1.343392489463465312e-03
-1.492193666037560770e-08
-1.389218792507718292e-08
-1.198069601433031234e-01
-6.976282100253476844e-03
-8.962669407948397060e-01
-7.040598387893277632e-01
-1.631239872583054584e-01
-4.558600222312986922e-03
-1.480262173944723592e-01
-5.951827785850717211e-04
-1.367596235855089160e-01
-8.536116139213257847e-01
-2.143065108597992999e-03
-1.318435227489551942e-01
-8.432810003447402392e-02
-8.372074243530264279e-04
-1.163443526690464136e-01
-8.984715153928748421e-01
-1.887411055652946028e-13
-1.537082544026348654e-03
-3.716053956311675876e-04
-1.653840195784496703e-01
-6.586450307354599874e-04
-1.061428226842125707e-03
-6.629357605910254359e-01
-9.464476797959396615e-02
-8.583115813022434981e-01
-5.020045211847194190e-03
-4.557008735981090720e-03
-4.341365202136493115e-03
-6.586812408099064573e-04
-4.133000723308996420e-03
-9.054825846812011303e-01
-2.143200428723552372e-03
-1.815590882743393641e-01
-1.536928253750221912e-03
-9.074751093381022704e-01
-7.816423402258680592e-10
-9.683254232251881406e-10
-2.816245505019074582e-11
-4.366526241201954969e-10
-1.825189489298233714e-01
-9.099507589453283973e-01
-2.092400140857253420e-10
-8.091140850722222666e-01
-1.064047384050470285e-03
-4.846359665003673984e-10
-8.626478782500830444e-01
-5.260291427792810346e-04
-1.671439306294571769e-01
-1.170124625523427038e-25
-7.841327569094682648e-01
-4.788997622989741090e-03
-1.771000504839642623e-09
-1.222754876386473594e-01
-1.428910787608004551e-01
-8.708187957098975085e-01
-1.247734956582602432e-25
-3.624536082711086410e-10
-9.403042797507929484e-02
-7.556267139925116174e-04
-8.104158605909576041e-01
-8.763592972907989775e-01
-2.572529438191905203e-13
-3.021408250589290170e-25
-7.010349934736882505e-01
-7.563859180620578423e-04
-2.809076736159643855e-03
-1.062705683085361655e-03
-1.345847130847140916e-01
-6.814306143090934631e-01
-8.172772430635056873e-01
-8.395778191122688864e-04
-5.061325053592778851e-03
-4.818144454827537511e-03
-3.266892097971115585e-23
-1.064126320455418802e-03
-3.969883921064818568e-24
-9.612660400648485827e-04
-5.738207983708700150e-12
-6.627925266863327232e-04
-6.968129660808810577e-01
-8.296440812680951071e-02
-8.286905005279983361e-02
-2.157089420489209479e-03
-2.820323334519131159e-03
-1.067623365271804306e-03
-1.352545579394695986e-03
-9.240221832780860789e-02
-9.227348420024687747e-02
-4.376254534518122869e-20
-2.534729192408894776e-20
-1.004653766171461904e-01
-2.531803391666391123e-13
-2.518717270411701022e-03
-9.150884506903608773e-02
-8.196515327384473748e-02
-1.667302293459613878e-03
-1.219161783631176731e-03
-5.907398387206812956e-04
-9.515913199419898973e-04
-4.362921298422121000e-25
-9.115170210299526621e-04
-8.729211893671558805e-04
-1.993222383282886121e-03
-8.006384948033584432e-04
-6.672660757736535372e-04
-2.514949741910753867e-13
-9.540666213252212292e-08
-2.425480190284803339e-25
-4.817713733158942894e-25
-5.724966148576024718e-24
-5.927901499458718484e-04
-3.340135583731640102e-13
-1.759096959364773843e-09
-1.469418443343350426e-03
-5.941079101529422391e-04
-7.964499938206806945e-23
-1.014512095286797082e-03
-8.147273353572123678e-02
-8.807736568000077782e-04
-8.069922085823374655e-04
-6.716662070589402142e-04
-4.222241340477007660e-25
-5.967489736902254795e-04
-1.308279284839598822e-03
-1.028816162814619531e-03
-9.767870906177977819e-04
-9.835226932596549676e-02
-3.632718931467731740e-23
-1.094542170140118675e-01
-1.371379561397726224e-02
-2.959909502935059856e-11
-1.521238836744182310e-01
-9.804530202836013453e-02
-9.042441832696689052e-02
-5.920816042850221913e-25
-1.394931328267659445e-03
-1.161206666447812648e-03
-1.104073746564448620e-03
-9.796762235823287812e-02
-7.168359062602925897e-04
-6.802886342282976227e-04
-1.563632545581944977e-01
-9.025107708440152643e-02
-1.088288639082966441e-01
-9.789990623814547044e-02
-6.778505956628683749e-25
-2.494117247670978480e-13
-9.787488401072344524e-02
-1.087464789071124482e-01
-6.047598968803154186e-04
-1.292822722981800407e-03
-1.234894232404634652e-03
-3.265033610696631495e-13
-8.708255495758444528e-04
-9.029131408498987377e-02
-1.218699395525770094e-09
-9.792552358772367571e-02
-8.130829229591873819e-02
-9.300891112542228313e-19
-6.084367639862078066e-04
-1.008747221157651963e-09
-1.564240370000103963e-01
-5.131298847464954398e-03
-1.372378104001350953e-09
-9.795997862980622417e-02
-1.390737254782283272e-01
-9.043148145699096696e-02
-9.801942037800451257e-02
-1.458247226985892875e-01
-1.378569300988163882e-01
-1.542697238926117598e-01
-5.716545235956492152e-03
-1.770980661494345811e-11
-1.431194929864412573e-04
-1.448371458339110796e-01
-1.086691539401099665e-01
-9.811964743733606054e-02
-2.153770134601921529e-12
-9.836863650811955573e-02
-1.087734173143740796e-01
-1.778115694507971800e-01
-1.421721262477717851e-01
-1.276567692825754212e-02
-5.914780747013177568e-03
-1.964634052486734584e-09
-2.899971360027918910e-11
-9.307814939409439492e-02
-2.187014668919210013e-24
-3.218023124853258988e-13
-1.707221346665299122e-01
-1.603669213175170638e-01
-1.097822162043946336e-16
-6.810595696276814621e-17
-1.644080179707772883e-18
-1.916840275543864325e-01
-1.813777647533390824e-01
-1.590754361155941439e-24
-3.315252565149032909e-03
-1.824937934742048296e-01
-1.557086370084461713e-01
-7.536077773950812519e-02
-2.048996783074865519e-02
-1.171751124260222467e-02
-7.458236095923706510e-02
-1.847130929219599570e-08
-1.503626361092558460e-08
-1.336268832077778124e-08
-2.139013884224101770e-11
-1.178429529446713489e-02
-5.543638258636587879e-02
-7.183708263907936931e-02
-6.023345371272384625e-04
-2.079411159287718244e-09
-1.078897417259535967e-02
-1.921386153597923128e-09
-9.951234835835176871e-19
-6.838230352260968314e-02
-1.310615976650196801e-01
-1.330212854209142648e-01
-8.051220243727251480e-02
-1.350630073064672809e-01
-9.243625254922292421e-15
-3.926584315447190166e-09
-1.370914219743961382e-01
-1.165046264336778406e-09
-9.397184897509227158e-10
-2.869849936020219725e-13
-1.540163535736803274e-05
-8.745316190040881843e-02
-1.196097901102874048e-02
-1.329770014400958157e-04
-1.690497521941586659e-02
-8.668116563047426060e-02
-1.241035231841580155e-01
-1.358920298442978410e-02
-8.589699954428156592e-02
-1.498109352286636567e-02
-1.351975022239752799e-01
-7.575440543700319440e-02
-3.260542589292731798e-24
-6.408648412815593647e-24
-1.099951386978746497e-02
-6.762774258932925664e-02
-1.330902375434546425e-01
-5.016131178437373273e-02
-7.831723201538257073e-02
-9.525562780621733838e-02
-5.801233003704714397e-02
-1.050412631723554313e-01
-5.746120264837540487e-02
-1.474045646080933136e-01
-1.217475705037806936e-02
-5.690234599979087510e-02
-1.383434068933667334e-02
-1.737808543445825798e-24
-8.747204596531952601e-10
-7.299258777151577948e-02
-4.859501309281128584e-02
-2.138005460890707093e-12
-1.390857814840952729e-02
-5.560723725412033736e-11
-6.101086002816703130e-02
-6.045547739528174536e-02
-1.398598255462164472e-02
-1.127499979843807065e-01
-1.546643925176351964e-01
-5.989526410190109534e-02
-9.176207012654813422e-02
-7.893995953904553772e-24
-5.259973775882431646e-02
-1.406035259453680339e-02
-3.983972416479222036e-24
-1.757313904663612703e-02
-6.761048246648314330e-02
-6.701285143773237640e-02
-1.172147768593698458e-01
-8.290829849831364562e-02
-1.288306403266637528e-09
-2.538781838241634830e-24
-7.075229230169878536e-02
-5.245728027452874198e-02
-9.362255787738252288e-02
-8.124777913120838357e-02
-1.301380379545146460e-01
-1.140020238690589854e-01
-6.955958594695113573e-02
-1.292732375927997113e-01
-4.742352189240087168e-02
-1.995554094748460197e-02
-9.978048567511693667e-02
-8.258740074636879966e-24
-8.737089120222271688e-02
-8.664991763424714777e-02
-9.707141122647758302e-02
-8.264996772771249223e-02
-9.490744755502755758e-02
-6.555465093553335121e-02
-4.825889459747828569e-02
-5.173361071892677958e-24
-9.273802710301479180e-02
-9.203604040771158623e-02
-1.329631360911987664e-02
-1.209865216409407480e-02
-6.095436031692550577e-02
-1.170987549113146342e-01
-1.335840710998794159e-02
-3.078453475657118789e-24
-4.705881175614502518e-23
-5.826820386492485848e-02
-1.351017662832684069e-02
-1.267455425325719194e-09
-4.387822667273228588e-02
-5.721902162201093767e-02
-4.305159953002282019e-02
-8.613687368800056199e-02
-6.091766801396801273e-24
-4.821650569400728892e-02
-5.200776211044398191e-24
-7.024427650710119056e-24
-1.578071548428300677e-02
-1.206726112860588867e-23
-3.572046161500491701e-02
-8.092327621816237937e-02
-4.638736027659776801e-02
-3.240184380307097005e-23
-2.421901583538592408e-23
-3.863709385727707914e-03
-2.889561959046866441e-02
-5.017466189285720718e-02
-5.791449778430082795e-02
-1.421285211033073911e-02
-3.902919020636055718e-03
-9.878404799965360972e-02
-4.872013197538332258e-02
-3.669294507040252867e-02
-8.398428892102702270e-02
-4.696966096215281655e-12
-9.645942527455245163e-02
-1.056456657268049328e-17
-3.726153465838488829e-23
-4.075764888264230001e-02
-6.097538629920964265e-02
-7.101521603975163854e-02
-5.311319959674801888e-02
-1.321194159927031354e-02
-4.502359568653648697e-02
-5.263730625606450469e-02
-3.337750323381315914e-02
-2.596352093124564653e-23
-1.328633603519202913e-02
-5.814277104251045630e-02
-2.496097574097585342e-02
-2.904115802674758773e-02
-5.009295297976559119e-02
-3.708008793991039026e-02
-4.193480571355522046e-02
-1.913979487384180442e-23
-6.680679058396315649e-19
-1.350993356247407427e-02
-3.588557355583688740e-02
-4.060720913286113010e-02
-2.960866400124340450e-02
-2.786039084447319500e-02
-2.729375753558833245e-02
-7.409242847112612055e-15
-1.365252042701462984e-02
-4.654554064893751814e-02
-8.494339274814957176e-23
-4.605045888083447031e-02
-3.889281851605300155e-02
-1.368553503141404712e-02
-6.097187439293980105e-02
-4.554814364601953575e-02
-3.806106739833845648e-02
-4.460403778587966606e-02
-2.173332839190759633e-02
-2.679253683472412190e-02
-2.182400660911296836e-02
-5.813940109234980169e-02
-4.496998318944422923e-02
-3.903518045391255603e-02
-3.823491696658649908e-02
-2.916268834551534114e-02
-9.820988267954893919e-10
-3.209367841323581389e-17
-1.090766495186852388e-11
-1.826702747999868828e-02
-3.800596107672305149e-15
-6.572116582222161350e-03
-7.266714865656889130e-23
-7.349645687960452631e-03
-6.445570449663061395e-19
-1.775948804556654395e-02
-1.145019543121762018e+00
-1.800758359525423644e-15
-1.035868833574334902e+00
-8.347862493525568667e-03
-2.148471081250505690e-02
-1.090612816948059560e+00
-1.181103370061547864e+00
-3.339539647116387584e-16
-9.373060304835645340e-01
-2.090039125261322975e-02
-1.872696643113545487e-02
-1.795390377922785261e-02
-1.650528788430519894e-02
-1.247869104654062105e-09
-1.191633024501789428e+00
-1.021984622972542001e+00
-1.291410622327215707e+00
-1.440937956283421917e+00
-9.765049117457320627e-01
-1.862480007407651961e-02
-1.565077267540268546e-02
-1.009388997478217975e+00
-1.025719234528704282e+00
-1.394455823366569591e+00
-6.080539664232049536e-17
-4.657965975444467452e-17
-7.471648598742966013e-16
-2.237197031298920544e-02
-1.807849801524516811e-02
-1.106931353205489049e-02
-1.025807414505844450e+00
-2.179977201849394292e-22
-2.498316004133905102e-02
-2.502617547588208494e-02
-2.645346899848300518e-15
-2.075671268138078521e-02
-1.945102642961012498e-02
-1.861692079614997788e-02
-1.821846916709321182e-02
-1.669592705529629809e-02
-1.563398492457139174e-02
-1.141776778781951503e-02
-8.461849400388739006e-01
-8.742649311193833039e-01
-1.332277405001920600e+00
-1.395226400561156099e+00
-2.231127857884051408e-02
-1.404745792568409118e-02
-8.832293528441174102e-01
-1.505360816988381645e+00
-1.272769414547459288e+00
-1.484776374145712952e+00
-1.910280562791789177e-02
-1.239166050471144809e+00
-1.524324451928209312e+00
-1.413474218119935122e+00
-1.076814827175340383e+00
-1.503318062258523158e+00
-1.250238398797748118e+00
-4.282969947979996485e-15
-1.712441974194753302e-02
-1.362606173833442513e+00
-1.128758167603518769e+00
-1.477311165448679908e+00
-1.151349538184679000e+00
-2.245043092901643759e-22
-9.516961765715172827e-01
-1.043830146827290433e-08
-1.404871629289802026e+00
-7.538586160362210631e-01
-2.400829524288712824e-22
-4.409816412247659732e-17
-1.271600911907420972e+00
-1.332778222177837257e+00
-9.580809980511104662e-01
-7.288620175664535239e-01
-1.051155485220501173e+00
-7.221318155789059334e-01
-1.297786682235533728e+00
-1.277297904184819366e+00
-6.822101328979123247e-01
-8.877902487455187064e-01
-6.115407899996406771e-01
-1.147217618573996344e-14
-1.170383083979316341e+00
-1.000744385761153987e+00
-4.935698262670257095e-17
-7.441142233057832511e-01
-7.651572121912136870e-01
-7.722807762592465153e-01
-8.013860620923347611e-01
-7.794134352638235619e-01
-8.652114051387361782e-01
-1.015738025649042253e+00
-6.591619996486176580e-01
-9.002863140694458144e-01
-1.070976837993526942e+00
-9.854306337693941042e-01
-8.250882648901189942e-01
-8.805895460803192520e-01
-6.306199868535242725e-01
-2.108564481181480994e-15
-4.663192613684849233e-16
-8.465723248750922636e-01
-5.178402370955185186e-01
-5.545991682148292982e-16
-3.768321915773784606e-16
-1.402913943435117759e-09
-8.543627942328235747e-01
-3.294026597994601711e-16
-9.455355471602047146e-01
-4.548426089002143291e-01
-9.252269845955395366e-01
-5.013868590747257992e-01
-1.156438267111379981e+00
-4.200793632606411032e-01
-8.920642299576816425e-01
-4.751599758564543086e-01
-9.145504350725699449e-01
-2.790432381272199249e-22
-1.054188873298599782e+00
-2.966172807645054908e-22
-1.119768507661575985e+00
-4.633753960472595801e-01
-5.881429657265853095e-01
-4.589903384876568638e-17
-4.504351994928257330e-01
-1.278359229664500650e-11
-2.277985789370077344e-15
-1.732758444339680490e-15
-7.185183089002500356e-01
-6.327994106272430974e-01
-4.227279488993748724e-01
-6.166461387481559919e-01
-6.435437643476170644e-01
-9.072561361297243332e-01
-7.511873825202112220e-01
-2.951497522841286303e-14
-9.917377064582467435e-17
-2.095431937651462653e-14
-8.116570129735674044e-01
-3.782816552710271396e-01
-5.248311071309905707e-01
-6.302027634033812165e-01
-8.856727471629068926e-01
-6.197871584723966265e-01
-6.099434239052902162e-01
-6.917987032519771207e-01
-3.186009415167279646e-01
-4.845325411382356839e-01
-4.460531064547126334e-01
-5.050472590220730362e-01
-2.798785867791147020e-01
-2.100047872117974646e-15
-4.909216370105373151e-01
-2.714204671105682753e-01
-1.405761613721035685e-15
-2.655450711557963972e-01
-5.173189343824560193e-01
-2.595077385697523997e-01
-3.324926254455992658e-01
-1.415782502948169534e-08
-3.756227522050294976e-01
-3.614794790066269692e-01
-2.635171999465696357e-01
-3.912362178728611140e-01
-2.180694933965564297e-01
-2.269931977955517155e-01
-3.527306110937950545e-01
-1.560148922860451204e-01
-2.959085675016437933e-01
-1.520649414132886901e-01
-2.887436976239290964e-01
-3.155794028061293943e-01
-2.714881966715292361e-01
-1.403632793217772234e-01
-2.537480446997713024e-01
-1.434918386097892573e-01
-1.324979583411831641e-01
-2.624827125239623249e-01
-1.715047483947753360e-01
-1.453699862981054081e-01
-1.245012697993298362e-01
-8.977064492598266081e-09
-2.229509073802462549e-01
-1.220413950064190844e-01
-1.794375671746395451e-01
-1.173506527451674136e-01
-1.844084201165342718e-01
-1.203058408237871746e-01
-1.228307541057172547e-01
-1.655277230699584434e-01
-1.300279976013624106e-01
-1.662108723574452218e-01
-1.629122963196815155e-01
-1.781570779580879671e-01
-9.929628465298549755e-02
-1.811580827515930133e-09
-7.064263856483200821e-02
-1.082933158500413162e-01
-7.444719971603207254e-02
-8.640236152687012783e-02
-1.599795440482479636e-08
-1.033609093051316152e-01
-7.050048544962157770e-02
-5.339114301003117236e-02
-1.252658043953538691e-01
-1.368734811394475559e-01
-5.732772194678342065e-02
-6.628705781852692325e-02
-1.317826277705762272e-01
-8.514623062262641207e-02
-4.052073879433355785e-02
-6.426131900947235076e-02
-7.439185483812064958e-02
-4.416736835840857217e-02
-3.653526428085800831e-02
-5.157405783922362763e-02
-4.770965848916008945e-02
-3.916620582962414276e-02
-5.249658282732943410e-02
-6.770283636913902867e-10
-1.838178080535516659e-10
-1.210471703720324282e-01
-4.946374943234693733e-02
-4.267323408214224872e-02
-5.158532737580477923e-01
-6.068192018080256708e-10
-5.516126193527722283e-10
-2.797852710827862402e-10
-3.579046671904659305e-02
-5.051646074221378679e-01
-4.184860691675245520e-02
-5.790058991556275605e-10
-2.059698684064209659e-10
-1.519353645169634100e-10
-1.712604097985021140e-10
-4.181219314382305097e-01
-2.463313378310612659e-02
-6.365221296261504146e-10
-2.950119474299094449e-02
-3.101493433136197376e-10
-3.342318004095345269e-02
-4.530110620360290153e-10
-1.653854173554363501e-10
-3.267125155154870538e-10
-2.717523839861965204e-02
-7.176257128478977008e-10
-4.296029254722047441e-01
-3.413950792800783289e-10
-1.610575924011012003e-02
-4.122177999671048065e-10
-1.464268379001453652e-02
-3.767714654396661644e-01
-3.416801022807238186e-01
-1.565863149143423630e-02
-2.628598297231754533e-01
-5.123233379805859119e-10
-6.820596972222571178e-10
-5.946379162191864092e-10
-1.576218386483833603e-10
-2.836671047283588407e-10
-4.277354712434568227e-10
-3.022731851193810877e-10
-4.652877241338330227e-10
-2.154388281506216570e-10
-1.215067743026010094e-10
-2.702355088156356833e-01
-2.930062784304152519e-10
-2.534652566238855769e-10
-1.393949896945862234e-10
-3.221146867616195861e-10
-1.435914453233755257e-10
-2.431379921747204793e-10
-1.186277083820048315e-10
-8.402037104531269419e-11
-3.847190132867540075e-10
-4.435428435114231485e-10
-6.201737868166361184e-10
-1.503009658682005462e-10
-5.611431677238875837e-10
-4.542399255592247608e-10
-4.172796839249604382e-09
-1.865131291402709109e-10
-3.258776206233834844e-10
-1.002545067259297696e-10
-9.560418798535710545e-11
-5.922787371014921500e-10
-2.818659662035035843e-10
-2.275183666603175850e-02
-5.880316255400925739e-10
-3.104656102647022428e-10
-1.901937920649266964e-02
-1.782849311862484687e-02
-2.237117984113335923e-08
-1.676679606575214032e-02
-9.595965962963196956e-11
-2.075011765209982494e-10
-1.518776650229914974e-10
-1.468599314813927917e-10
-4.057092150766815102e-10
-4.693651556443597522e-02
-1.127777802056177344e-10
-8.377386199207867792e-11
-4.410335713078695526e-08
-7.494140211788305690e-11
-1.956065855239429259e-08
-3.650489414028525355e-08
-2.632915383679385038e-08
-3.607703895175208564e-02
-3.695204083569113486e-08
-2.700211894273105430e-08
-2.128490280444664219e-08
-5.653830518549988520e-10
-2.561150231416349250e-08
-2.719746887831025139e-11
-2.611233822785790495e-11
-2.500282161917922092e-11
-3.188415067270175556e-10
-2.772753814611764178e-02
-5.602266283075744243e-10
-3.462983770807290251e-02
-2.499168883125370624e-02
-1.435101977722028880e-10
-2.874147707728607129e-02
-2.683560980967113554e-02
-5.520107479437173718e-10
-3.361306502686117748e-02
-3.094719392911975544e-11
-3.010258513845316504e-08
-4.991655289882325715e-10
-1.545473176159275694e-02
-5.438070172625762175e-10
-3.466870860023785814e-08
-5.396658695413152864e-10
-1.562919853936740067e-10
-4.193035700799194717e-10
-1.821457162880586120e-10
-2.695407151952141506e-02
-3.168993829264963452e-02
-3.016039299101539340e-11
-4.879820564046560341e-10
-2.428988047891417399e-11
-1.307971517620932361e-02
-2.095982049004740597e-02
-2.465884267358514972e-02
-5.315043681663265965e-10
-4.843169035656793688e-10
-1.537340605105677258e-02
-2.893956274171538556e-02
-2.398355202082251686e-11
-5.130292225251933745e-07
-1.783574434842634505e-10
-1.253166974442425190e-02
-1.362711872326981510e-11
-1.889671244959736455e-11
-4.418442002122944992e-10
-2.097917676686494870e-02
-1.942220312507900171e-02
-2.276034174620548967e-02
-2.064848896033379122e-02
-1.698941324412603024e-02
-1.420001118459262961e-02
-2.622532981544890146e-02
-1.638119132465443677e-11
-1.018367496315175993e-02
-9.583754970895216538e-03
-3.467784576786148154e-02
-4.559926549321042736e-10
-3.403894638682769536e-02
-1.422167031178627243e-06
-2.523940141012652461e-02
-2.138306941509217005e-02
-1.938470404298407376e-02
-2.256791625250169700e-02
-7.845894228966646816e-03
-1.400338688612709868e-06
-2.222494579029715353e-02
-1.385858654148123495e-06
-5.746239464097715776e-07
-7.687623098502249959e-03
-1.292746499768877323e-02
-2.188774005336726822e-02
-1.474373819038317676e-06
-1.371049822493104864e-06
-9.731487130316381420e-03
-9.447436770245872320e-03
-8.895995831427796693e-03
-8.635381045774617736e-03
-8.314946828879692456e-03
-1.356621181195673640e-06
-8.541397845537429267e-07
-2.337815028991136607e-02
-1.672159796385418173e-02
-1.120495859566745743e-06
-2.468156326045425550e-02
-1.737825060856954332e-02
-3.046114685400550665e-02
-8.925191446746792317e-07
-2.422153046056073344e-02
-5.449453439317659018e-07
-2.027492373453034999e-02
-1.710914119475916151e-02
-1.186313771349245365e-02
-1.684737773901590074e-02
-4.300469606305939004e-07
-1.928590764165788451e-02
-6.351619462940942713e-03
-6.673096052850681519e-07
-1.235537746723124508e-06
-5.789585206986769608e-03
-1.935758979194885862e-02
-6.323876201285624429e-03
-1.123576158112910527e-02
-8.568489337287125497e-07
-3.865201390426676146e-07
-5.892126250232896602e-07
-8.431250703264399349e-03
-6.271308654202561834e-07
-1.131639287031836999e-06
-1.796477698663312070e-02
-5.687331527983396007e-07
-1.764785379261327170e-02
-1.867431361694011846e-02
-9.452734704716872494e-03
-6.777144308342185309e-07
-7.845908789735356455e-07
-4.815930572152726674e-07
-7.639301728944492965e-07
-1.168899509219996531e-02
-1.035360662526299894e-02
-1.019966799398444433e-06
-1.151596092921224751e-02
-1.020374345844159494e-02
-5.967971581889926492e-07
-1.135315397360136397e-02
-8.914737039904194924e-07
-5.473846201840432648e-07
-1.085117637930338788e-02
-8.465790332067653354e-07
-8.415322539554541056e-03
-9.207681291016148847e-07
-6.924645584297761322e-03
-6.632840669515203784e-03
-9.802673842632437379e-03
-1.039630215931953636e-02
-5.944442442278012259e-03
-5.561467376514599506e-03
-5.396876634834483696e-03
-4.487947355211318635e-03
-1.128997847449836854e-02
-1.145877630958836747e-02
-4.765226986316351519e-03
-4.617273535929097839e-03
-4.333976373514546350e-03
-9.124196632859250464e-03
-8.859015585436919027e-03
-3.702605237118165252e-03
-1.094264177231249469e-02
-9.602921176229704814e-03
-7.093735932550134654e-03
-2.973338208534310762e-03
-4.797224718445250446e-03
-4.242328619975058342e-03
-3.631018214791319025e-03
-8.419427971564393334e-03
-3.072301317743866313e-03
-2.965113808196450425e-03
-1.001464216923693071e-02
-4.261522279311522055e-03
-3.875157947024827649e-03
-3.639435615836407369e-03
-6.508527867776432371e-03
-6.698008787850896588e-03
-7.987244897443734892e-03
-6.140647957033741697e-04
-1.217473453863409261e-03
-2.302135516420936688e-03
-8.689346707629171324e-04
-8.392854365203455307e-04
-1.886704434279802339e-03
-1.816456321262492016e-03
-1.402535150811762277e-03
-1.170791567686274744e-03
-1.039245238385332146e-03
-1.253547177032678702e-03
-5.993149529840201360e-04
-5.494838180451861939e-04
-8.053358620025064321e-03
-8.145348795092472284e-04
-6.545745050773038066e-03
-5.986313277758652934e-03
-1.111200443028600472e-03
-9.006736828403174395e-04
-1.866151848409888488e-03
-7.878960152643877963e-04
-6.552956595693066461e-03
-8.707459626970152303e-04
-7.744638313075765702e-04
-7.144244173466007082e-04
-5.676244031839619911e-04
-7.618249438350337046e-04
-1.152682746766705256e-03
-1.934018383222582812e-03
-9.201398202082159555e-04
-7.488632027379306128e-04
-1.025126231310061718e-03
-9.044712731843547026e-04
-8.272682838857844901e-04
-1.892542242814760148e-03
-7.452672839609447535e-03
-7.239981028118640596e-03
-7.885649296226936861e-03
-5.394378742256762584e-04
-5.684022339118731306e-04
-6.255970800837027355e-03
-5.893221583090470575e-03
-5.551249740647329345e-03
-5.232619164680032617e-03
-5.088067747888667600e-03
-6.563125093410063704e-04
-6.003661234447142669e-03
-5.487042901705759673e-03
-5.172802588919963793e-03
-5.020883795760642566e-03
-3.242078165144269154e-03
-6.233932584999504756e-03
-5.195525667012344112e-03
-5.041352920848985418e-03
-4.894211028668235194e-03
-4.752655926696241172e-03
-4.613929596907066430e-03
-4.320392549484066043e-03
-3.567005318975115680e-03
-3.422834443161410379e-03
-2.856563483840449374e-03
-2.203843488608634056e-03
-7.992217889792521809e-04
-3.787787454931703345e-03
-1.123000113749888932e-03
-7.851334019457734646e-04
-5.760938824200875254e-03
-4.948199407578871174e-03
-4.652407910504157210e-03
-4.203235254763069625e-03
-5.180736194831987588e-04
-6.276396507719474377e-04
-9.439479243321101951e-04
-6.438222074833931108e-03
-1.342650686576884892e-03
-1.487022437819946700e-03
-1.771140276870329005e-03
-5.686973263513454228e-04
-6.342811612513851553e-03
-5.022082087663560634e-04
-5.650630820849795490e-03
-4.954737927905195028e-04
-6.040803936404761211e-04
-5.296581323301343021e-03
-5.001820200923212667e-03
-4.856846304157290233e-03
-6.165358892505399570e-03
-3.079903244330033790e-03
-2.989329419645974425e-03
-2.899592732143462057e-03
-2.651009662704901116e-03
-2.572057729673858217e-03
-2.348719501583467449e-03
-5.943581441791132187e-04
-1.898791360630249555e-03
-1.783741028792918499e-03
-6.078945583761704435e-03
-1.417696153031867533e-03
-1.686361380249545979e-03
-1.267709401890881361e-03
-5.998303539559697237e-03
-4.248273776141267034e-03
-8.770647200513864532e-04
-1.251603624659600742e-03
-3.509658136287064668e-03
-7.109734968062658830e-04
-1.390072940640557208e-03
-2.166224965487472971e-04
-2.310456119950632771e-04
-2.548158609606105090e-04
-5.252317291772519176e-04
-2.714209287228709871e-04
-2.798885169283522292e-04
-5.640609816591819108e-04
-3.302715173188737019e-04
-5.773879446301022171e-03
-6.331329110568028164e-04
-1.447558846714047881e-03
-4.755623518486298655e-03
-3.488160584356338623e-03
-6.846222426010142208e-04
-3.940436929663856708e-04
-5.591014413029465500e-04
-1.592351118681503306e-03
-1.429909586872314892e-03
-1.330961833648826483e-03
-1.733552217139531365e-03
-5.085882727670998447e-04
-2.170050310272509048e-04
-2.254756932233424637e-04
-2.333057393414816492e-04
-2.411283048784876488e-04
-1.314779005117488325e-03
-2.490811902418394895e-04
-1.097337708350008519e-03
-1.828799274918629025e-04
-2.839175976423253221e-03
-2.582772543065543162e-03
-2.659106954041104962e-04
-2.504284552927476658e-03
-1.175685550413944338e-03
-2.747668823497426594e-04
-4.108002841156878013e-04
-3.269965699706812458e-04
-8.189730812532487790e-04
-2.939682656710071950e-04
-5.419747422260460037e-04
-6.049435433887737947e-04
-1.161879230495154640e-03
-2.099071841968943447e-04
-1.886286610413266413e-04
-2.189434011790470215e-04
-2.260268322919813675e-04
-5.360725285563090314e-04
-3.472145387569497920e-04
-2.652238197510627441e-04
-7.416173543502173251e-04
-2.844635294192896478e-04
-2.284353695761293015e-03
-2.125206393988750189e-03
-1.136559244538513013e-03
-1.358598573826700056e-03
-1.264171866657395286e-03
-6.416755048406298833e-04
-5.858135481455050298e-04
-1.249176323016000078e-03
-4.108642321307187694e-04
-7.253735171770945211e-04
-1.770326492755850464e-04
-1.884511653126136571e-04
-5.808311470383764521e-04
-1.942341466032224519e-04
-2.063534048533578367e-04
-9.295545066601951061e-04
-2.127358489017005367e-04
-2.399095662400098600e-04
-1.461590000113992607e-03
-1.100179978262362350e-03
-2.706632171805713042e-04
-9.189477387528585109e-04
-7.665621935558862001e-04
-1.615713486916496122e-04
-1.842754291443045853e-04
-2.076174368658444721e-04
-7.508816900292454490e-04
-5.602737858663587710e-04
-4.039366446922487805e-04
-3.258952779709627014e-03
-2.107259015923655405e-03
-5.566102638110645992e-04
-1.095843259181018868e-04
-8.281245669565971907e-04
-1.417402656695525981e-03
-1.271235963353127638e-03
-5.532757827970048335e-04
-1.450119351399095299e-04
-1.054337231713436550e-04
-8.217155244469188241e-04
-4.285158583906240916e-03
-1.642008911305728501e-04
-1.682994732605923999e-04
-4.894818416410523683e-04
-5.465198035555560553e-04
-2.069887416110265891e-03
-2.182627403378019598e-04
-5.910610983394526136e-04
-4.467722996121668475e-04
-8.990411936558973080e-05
-1.245883524577600689e-03
-1.504890360767574553e-04
-2.803508072056498266e-04
-5.874785892064983720e-04
-1.581848729104310194e-04
-5.405772086577679148e-04
-4.443334305683335804e-04
-3.117983950889066441e-04
-1.781657255909815983e-04
-1.822032236958083052e-03
-1.152987370825288077e-03
-1.895880812748445491e-04
-5.841700528411841861e-04
-7.983614627565487737e-05
-3.688319991716285389e-04
-4.420926117557900091e-04
-8.626438951419232188e-04
-8.613314000867016806e-05
-1.669686647356499439e-03
-2.388755684854863522e-04
-5.353674865834328602e-04
-5.812186173027466705e-04
-4.398402792873191730e-04
-9.543681395663593725e-04
-7.145436194772464018e-04
-1.054852136276186844e-04
-1.809718929218909591e-03
-5.329523574036761557e-04
-9.496793568244362490e-04
-1.360030584589841461e-04
-7.026586366124806067e-05
-7.208370278203046777e-05
-1.543898309350434845e-04
-7.073489356865573195e-04
-3.834171084244481767e-04
-1.800625411328913347e-03
-8.840728297640014749e-05
-1.852912004087614974e-04
-4.584440332367004643e-04
-4.333702398025175034e-04
-2.268677252247346848e-04
-5.536933534307242073e-04
-1.348501653589226790e-04
-1.353960791415270313e-03
-1.460604531320468529e-04
-6.189784451652057863e-05
-3.021978099504030050e-04
-1.792302619975591222e-03
-1.349195058265634803e-03
-3.383333289103823433e-04
-1.945429573308177500e-04
-1.125170992572114767e-03
-8.754862667608435305e-05
-2.153942834130231031e-04
-6.466914407670252196e-04
-2.209541195823629589e-04
-2.325485876102020703e-04
-8.402319813984073502e-05
-6.034657943274686110e-05
-2.664060196728836125e-04
-4.950009490872533382e-04
-1.637335093209773629e-03
-3.183834218388214600e-04
-3.347137372044448338e-04
-3.525473745714450256e-04
-1.636758672218013334e-03
-1.589027992288055506e-04
-1.338486106346648561e-03
-1.454083726435025743e-03
-1.004394890487194433e-03
-5.602967694720926821e-05
-1.203762669272331930e-03
-9.307670690813609534e-04
-1.977671883122606475e-04
-2.192544306861315322e-04
-1.321462944224188231e-04
-5.259345654869676187e-04
-6.943128284560227395e-04
-9.299030531017124165e-04
-1.367728347715394476e-04
-1.003143014408033103e-03
-2.868907261611549015e-04
-6.548347942623607956e-05
-9.297007942979588872e-04
-3.050758577344261035e-04
-1.723040077369155688e-04
-3.244667945916673455e-04
-6.400420220288489687e-04
-1.778150232124764982e-03
-2.261951428845208911e-04
-4.621924157113899357e-05
-4.254911600256652544e-04
-6.930065028095792629e-04
-7.732103632161747798e-04
-4.618036833430019176e-04
-5.587930776952825820e-05
-6.395367081772799578e-04
-1.340645143715449598e-03
-8.347893948214916418e-04
-1.214564013516524713e-04
-1.004074297347367197e-03
-6.550197222075168104e-05
-3.753347982731383009e-04
-6.392607377940250947e-04
-3.193958670605317042e-04
-2.540479332000449269e-03
-2.282079344646110921e-03
-3.364179651931526035e-04
-1.541531074322148435e-04
-1.645869258298971512e-03
-8.364198575190461709e-05
-1.619771196684686814e-04
-1.004902270432237376e-03
-1.915204936005535064e-04
-3.973027202605730656e-05
-1.346663064927592279e-03
-1.006567656774818654e-03
-4.793845835098630033e-04
-2.844203960918094670e-03
-1.121981784021356711e-03
-8.364084678322536957e-04
-8.590269248946304855e-05
-5.179028798978074907e-04
-6.937385468482269160e-04
-6.400315956517111131e-04
-5.312765128815610197e-04
-1.212755558819219887e-03
-2.597515356050548421e-04
-2.668160445120680915e-04
-9.338887498932669628e-04
-2.739722322817742038e-04
-1.289790638792450599e-04
-6.656437528470658530e-05
-7.021977779478817043e-05
-1.724726412950319007e-04
-7.673336547415145659e-05
-1.144997960156054166e-04
-3.000685170286656635e-04
-1.619789777738147706e-03
-1.511512660201142031e-03
-2.086897126969965242e-03
-1.977796508235382580e-03
-5.634100510359342420e-04
-1.035947205224259631e-03
-8.393259033379788870e-04
-7.979550864286408685e-04
-7.571573169403471781e-04
-4.243412964157358236e-04
-2.711836396924704714e-04
-4.888563842676526064e-05
-5.309392668728978514e-05
-4.468017749493766221e-04
-6.093987735671930583e-05
-6.261201571938811508e-05
-6.797293204442938044e-05
-3.015618106116615569e-04
-7.313205785098729657e-05
-4.835634365186934841e-04
-4.966683566747111646e-04
-6.432170884686013324e-04
-3.841491061626292494e-05
-2.342215890051398337e-04
-2.431936225748231029e-04
-2.277378086747856823e-04
-1.996686351091245661e-04
-4.308292406905154018e-04
-7.082218517423490489e-04
-9.080622393938999476e-04
-1.132652598149622982e-03
-2.401984422964204696e-04
-1.075802117010492710e-03
-7.889551373157830229e-04
-7.581622240218760782e-04
-1.679473225855034719e-04
-3.936357602947610082e-05
-1.557133397174339574e-04
-3.447046861420257225e-04
-3.328318986381489865e-04
-2.870148963353831269e-04
-7.658905494097678439e-05
-7.032077508545059221e-05
-6.282675323584234646e-04
-6.294837116760912041e-05
-6.122719727345909892e-05
-4.507734723859991617e-05
-1.612979199579488848e-03
-1.523400850696865873e-03
-7.107368374359926281e-04
-1.556874774463222531e-04
-2.733038309345127339e-04
-6.295887012313292324e-04
-2.005013672222004666e-04
-6.307934727165379410e-04
-7.412755824754864160e-05
-7.008583902691634799e-05
-3.809019759699345934e-04
-2.224662753483301495e-04
-6.271284858362181967e-05
-5.773390879771186012e-05
-5.462551616362287007e-05
-5.166247107236280001e-05
-6.323674433060227484e-04
-4.951687920573778691e-05
-1.556946137465513064e-04
-1.332617328898686631e-03
-3.816797015065857878e-04
-7.092357966266835730e-04
-8.571035207190027573e-04
-2.229153050217357772e-04
-1.682326598003620356e-04
-1.403656233768347595e-04
-7.019254684201679416e-04
-3.827965659663258601e-04
-3.145003016664802082e-04
-2.011706130522129712e-04
-7.497973591262527336e-05
-6.287010109586221765e-05
-5.864577595624501674e-05
-5.277339840616212358e-05
-5.100931409278597242e-05
-4.928526464024931674e-05
-4.591884846924746685e-05
-4.460402436521275726e-05
-4.362787230736464084e-05
-7.593317274488788288e-04
-9.430181939232784799e-04
-1.405437335637890306e-04
-9.224102082975523019e-04
-3.587776102705384873e-04
-2.855144800335990838e-04
-2.458855861798784487e-04
-1.869842832251633038e-04
-1.687314102531289482e-04
-3.769743071092264495e-05
-8.012689657023295718e-04
-8.592240115152147378e-05
-6.746107384257336935e-05
-2.021345010306492063e-04
-4.120335146620578750e-05
-3.975542729689959944e-05
-3.604466332879514823e-04
-2.455168046427788240e-04
-1.297047634261124373e-04
-2.960413812413514021e-04
-3.243047585228273706e-04
-8.025263273935608500e-05
-7.496357854785748302e-05
-1.697856854323270685e-04
-7.943209607661731600e-04
-6.280772206270512936e-05
-6.067235712554566599e-05
-5.859763481758130252e-05
-3.263363886144875279e-04
-4.253020324015072329e-05
-4.035762145136527582e-05
-2.264723191516739432e-04
-1.701134536522117728e-04
-2.271048212292482325e-04
-1.892120034724212882e-04
-7.248147913202797050e-05
-6.513382679660436724e-05
-7.409763035868181889e-04
-4.733315949919274571e-05
-1.346731433996296574e-04
-2.465848244495796198e-04
-3.335582886018552710e-04
-1.196355945867173343e-04
-1.161419676111573345e-04
-1.713587593554658308e-04
-3.160121858640875850e-04
-2.291653636362939335e-04
-3.937238693141427090e-03
-1.717910432285497772e-04
-8.087848315423631245e-05
-6.086817983453453258e-05
-5.874627150983780893e-05
-5.666428548627505343e-05
-4.914627017358786119e-05
-2.298892893870517506e-04
-4.416080793146674141e-05
-1.919264914265440217e-04
-1.727641832335373125e-04
-2.498688405581067206e-04
-4.086134195279983862e-04
-3.435973983793601098e-04
-2.736370613351954634e-04
-2.985018935379667149e-04
-8.989102146620946295e-05
-8.124421324614678451e-05
-1.927704845177730564e-04
-1.312920436229996651e-04
-6.792490428963587077e-05
-6.326983719016576421e-05
-2.512500021714635925e-04
-5.287759515139873985e-05
-1.442652915404906712e-04
-4.424537439429650389e-05
-3.948230719002033748e-03
-3.590758188899437968e-04
-3.406631429231729178e-04
-2.915726527057699454e-04
-1.278417003414337560e-04
-1.221609609414783901e-04
-7.909163921078145212e-05
-6.368966463321199813e-05
-4.608977886344093792e-05
-4.449604830753340430e-05
-3.856366934438855979e-05
-2.656173198386700359e-04
-2.243879127633871355e-04
-1.861356108910905405e-04
-3.125565836010348693e-04
-3.442457613244032273e-03
-1.478079003727993102e-04
-1.349632454539181924e-04
-1.289832480649004030e-04
-7.602710794712185861e-05
-6.388998467729185035e-05
-6.208233467287203628e-05
-5.522502329892678728e-05
-4.509853365219561544e-05
-4.134815022172370295e-05
-3.789873320459342276e-05
-3.682112263566731942e-05
-3.139694385900564707e-03
-2.968508094497559536e-04
-2.204640462845390222e-04
-1.856072459263023668e-04
-1.752827778492320129e-04
-8.955359861350045843e-05
-7.989189638973245844e-05
-7.322835531633781897e-05
-6.019790097995199508e-05
-5.484361224282496318e-05
-4.581649795512354262e-05
-3.530403753709145624e-05
-2.853067669610198490e-04
-3.760971414514717795e-03
-2.295141480979883525e-04
-9.427967406391340652e-05
-8.843570020204985450e-05
-1.926386417563091293e-03
-7.876991244093216793e-05
-7.539208675572632709e-05
-7.175920686424848405e-05
-6.939669704499267335e-05
-5.999250952785976877e-05
-4.870247846622054004e-03
-2.704855666327693475e-04
-4.453818623327380176e-03
-4.902949769236115106e-03
-2.214130723190738982e-03
-1.018772254666922868e-04
-9.893578700377797031e-05
-9.474354986394953608e-05
-8.651651121698993334e-05
-1.906605844820127231e-04
-6.969874097777997051e-05
-6.114050970917847040e-05
-4.450270331393550092e-05
-4.210072526579615719e-05
-3.556583008654622797e-05
-4.538065981148500100e-03
-2.069568634655728073e-03
-2.670843412160905993e-04
-4.972864083055369457e-03
-9.157396527058431451e-05
-8.628299958670514094e-05
-8.140902609116406610e-05
-7.905853415350589221e-05
-1.589725613340614357e-04
-7.455866455149090359e-05
-6.434739381876977606e-05
-6.247266759316191158e-05
-2.092008572428939121e-03
-1.437845721585831113e-03
-1.262220154641014336e-04
-1.230322425928121550e-04
-4.764038346010088942e-05
-4.986680282710937405e-03
-1.729998017875539543e-02
-3.302247007730811125e-03
-3.716343570297413017e-03
-2.600564776291353986e-04
-2.322227786478860394e-03
-2.412328900389087549e-04
-2.321972459992093245e-04
-1.295526631359791890e-03
-1.655386936554932467e-04
-1.493640191868438310e-03
-1.375712674112071249e-04
-1.280705405561852477e-04
-2.349560583200942937e-03
-1.260243923137067523e-03
-7.573618103684260239e-05
-7.351990059262439987e-05
-5.000492583463913079e-03
-6.343303818982088099e-05
-4.830668561930304546e-05
-4.537127691464205810e-05
-3.793340466955534947e-05
-3.392206288321842624e-05
-3.223377162486805377e-05
-3.082257817454446612e-05
-2.904453367381820247e-05
-2.117772420017052033e-04
-1.739752787373579160e-04
-1.629396267437571190e-04
-1.588072235688503487e-04
-1.227495330227095611e-04
-1.813007586776187695e-03
-2.712209799651532204e-03
-1.744265352629659682e-03
-9.458625710930256307e-05
-6.045843825260923418e-05
-5.491863208413229341e-05
-2.579552972521554862e-04
-4.329372230682217637e-05
-3.431087244107487082e-05
-2.921214565932535461e-05
-2.840620188930232257e-05
-2.242844975603786040e-03
-1.905099187863831041e-04
-1.671048373380515481e-04
-1.570777914933525353e-04
-1.276885251082058204e-04
-1.244772025613788110e-04
-1.292232015357462627e-03
-2.457325696588152399e-03
-3.735172580344979683e-03
-1.767607120873726208e-03
-1.713912031212859498e-03
-4.008122757377262715e-03
-1.919923632727328459e-04
-1.625048903859608446e-04
-9.278358169862634271e-05
-8.709450885488271286e-05
-7.905293995227579145e-05
-5.591448072727703717e-05
-5.012340044795201080e-03
-3.507961190398181032e-05
-3.292584573199283432e-05
-2.874065386199374430e-03
-2.906499277969001004e-03
-9.157929384519310364e-05
-7.876515700777194577e-05
-7.195970968913657957e-05
-2.103092473276065781e-04
-2.008157492697339251e-04
-1.846618864740639133e-04
-1.714442997389240908e-04
-3.540767034664066569e-05
-2.574855144062384877e-03
-4.387094683212227345e-05
-1.066481422348336842e-03
-2.213037756351156349e-03
-1.382231460481039191e-03
-1.740207540038027443e-03
-1.903837925139039182e-04
-1.983319360587389255e-03
-1.767258083589514717e-04
-1.701557964261746702e-04
-9.149104442658397267e-04
-1.609946890504220776e-04
-3.895441940784012246e-03
-6.859422387556202410e-05
-6.257307142895193112e-05
-6.070955775706223380e-05
-5.721687375644016177e-05
-5.024924378468520768e-05
-4.691594243441435624e-05
-3.799454282786032100e-05
-4.979575962324549881e-03
-1.361527749791165316e-03
-3.168934549605921254e-05
-2.894697102612702586e-05
-2.704366183138051354e-05
-2.492405371415629210e-03
-2.267354626843351778e-05
-6.492180509404149895e-04
-1.770113285107759692e-03
-8.467856226112075086e-05
-3.063466263448305204e-03
-2.692559725634385229e-03
-3.584034360566657959e-05
-6.350732497846601826e-04
-6.335327362382078690e-05
-1.218772358247375035e-03
-1.553968681108025855e-03
-2.068169290464518667e-03
-1.273472796893807988e-03
-2.355612551779885181e-05
-1.335449840066619837e-03
-1.704316031800605976e-03
-3.523725044903248612e-05
-2.223502267820393064e-03
-9.867185878641229757e-03
-3.488994559645899104e-03
-2.458315112376823972e-03
-1.063801757625625500e-03
-3.824862139685627268e-03
-7.472790889484448758e-03
-6.950567900626129607e-03
-7.215574698372067414e-03
-1.121340823704063041e-03
-4.497193181785323797e-03
-6.422892228086679893e-05
-8.869744341680415071e-05
-4.479549452242131968e-03
-2.962644695202294937e-05
-4.888624925039193082e-03
-4.002026736003967217e-05
-1.864735907685718432e-03
-1.026123220343117329e-02
-8.656830185090283610e-05
-2.730769849037169208e-03
-3.540939427999426157e-03
-9.439935031306692745e-05
-8.625281459441394918e-03
-7.499797947166960202e-03
-5.734173910083682421e-03
-6.259446901980028968e-03
-1.479601189763597724e-03
-8.681405882486552370e-05
-1.035626727225464130e-02
-3.593359065463610515e-05
-2.009148615092867958e-04
-2.624540502772365415e-05
-6.246443263879125109e-03
-1.843352661521150933e-04
-1.780987642122373708e-04
-1.725024084977975689e-04
-1.047119208702515687e-02
-2.859429616265581211e-05
-2.253885380934578762e-03
-6.227789111114884722e-03
-9.108382491961388230e-03
-2.921341266312302114e-03
-8.738326461635276265e-03
-8.058115586435245226e-03
-3.005847253087000570e-05
-6.564873422605531285e-05
-2.872946765483166073e-05
-4.811728920676080871e-03
-1.794753930340268642e-03
-6.582817978228220842e-05
-6.188026154334093365e-03
-1.251042500159170109e-03
-1.745053555556214683e-04
-8.832883723134025782e-05
-1.593630895017383625e-04
-1.900132673494463176e-05
-7.698644994965660356e-03
-1.411337079965245989e-04
-2.062803090729804518e-03
-4.789952895815955368e-03
-4.365506921796103758e-03
-1.741127553834962783e-03
-2.508186607441108187e-03
-6.144396748985670245e-03
-5.617873275782477374e-03
-2.865304933335116166e-03
-1.759186168133761781e-04
-1.570089737570488561e-04
-1.511647443743910021e-04
-1.466590189785214383e-04
-1.514483912252514259e-03
-2.298632753663341910e-03
-1.276238638479941945e-03
-4.743527447544394759e-03
-3.126978196042265630e-03
-2.267679219422718152e-03
-1.699763932287529263e-03
-6.987625289598175214e-03
-6.109597349642941801e-03
-2.823832880848992281e-05
-2.911883749654287808e-05
-3.872940360188751718e-03
-7.618868207900958596e-03
-9.289065353040333942e-03
-1.472246322874409688e-03
-1.150072224379631225e-03
-4.694782514732697212e-03
-1.609205361584005413e-03
-1.483450500992526309e-04
-7.602771148983844714e-03
-2.427435245151711408e-04
-6.955535727809941324e-03
-2.680242958985168305e-05
-1.869245706072149163e-03
-1.864622536131173891e-05
-1.245025121283066787e-03
-9.697156724890282852e-05
-2.176150571030388732e-03
-3.547910723345263745e-05
-2.156436384171924719e-05
-9.010053889854981602e-05
-1.071601035091612406e-02
-1.796137898693037419e-04
-3.382321672186569138e-05
-7.559098284627667128e-03
-8.479953092286048738e-03
-8.149966112717347416e-05
-9.180391411468195872e-03
-1.265124799305747958e-03
-1.931728609098603980e-03
-1.051211969948743184e-02
-1.955977410277516705e-05
-4.279466954495459856e-05
-8.152899459306887789e-04
-6.879700563776337124e-03
-1.006945817732156356e-02
-1.349560288353882738e-03
-6.000195134435456525e-03
-8.443062182582443398e-03
-3.080872660757545212e-05
-1.072463054157748443e-03
-2.170398365143138726e-05
-6.262207373921481338e-04
-1.956562172299619357e-04
-1.806276371077957096e-04
-1.758768029924452094e-04
-1.648425586319402988e-04
-6.857393197548362906e-03
-9.330202089626923184e-04
-4.302752873756370770e-05
-6.865358175295889140e-03
-2.800887502316840133e-05
-1.635323416554021253e-03
-2.105034379726029143e-04
-6.417449297910434206e-05
-7.409827385247046844e-03
-2.524238198205564312e-04
-2.348397845153442001e-05
-1.428333554475684118e-04
-1.072719705448716560e-03
-4.858538278848742735e-04
-2.535511688249080114e-05
-1.165795375855681933e-03
-2.137560003615965266e-05
-1.940444289774366290e-05
-1.877710110471480370e-03
-2.147777931880601784e-03
-8.250618469432844521e-03
-4.747287994451820361e-04
-1.984086783156784137e-03
-1.519839963242086396e-04
-1.546533438440342518e-03
-6.141776284832236189e-04
-7.974555182796891697e-03
-7.676929689104760430e-05
-6.676960876130868009e-05
-1.645657985175208579e-03
-8.530999398803496676e-05
-5.505955626543946159e-05
-8.212156677268216739e-05
-3.851108153553760343e-05
-1.738733418729502146e-03
-3.474414179666644758e-05
-6.288115853345228564e-05
-3.660311086940581411e-05
-2.240564984828750651e-05
-1.721303678306787511e-04
-1.523673485554059761e-03
-1.187254424779338874e-03
-2.564319567159210021e-03
-6.709965364908916262e-05
-1.568903013987660224e-05
-4.299860242151864553e-05
-3.720511669821904101e-05
-2.064059085621952703e-03
-7.731376400250777978e-05
-8.532714878339049279e-05
-4.989908421671354312e-05
-6.131169525519645548e-05
-1.573417504350476770e-04
-3.291667663099710983e-05
-2.180433976346008232e-03
-1.821350714905721436e-03
-1.147889996821337171e-04
-1.535223956470635782e-05
-7.749102371363400976e-05
-2.037326540869775402e-04
-1.233370601680293605e-03
-6.147405430792881502e-05
-1.266938531194418752e-03
-9.692821710995659060e-05
-1.029542345233374132e-04
-3.261681763950861039e-05
-8.038149144918793837e-04
-7.765910424662829370e-05
-6.751392730849954823e-05
-3.737548157903855615e-05
-2.567842949409397755e-03
-1.013177296280526026e-03
-6.162507781199291301e-05
-1.569746582277988369e-04
-7.795112800111339741e-05
-8.522538134504890699e-05
-1.502406149502289578e-05
-3.202849643114044349e-05
-1.750210692246066007e-04
-6.182739959860887092e-05
-6.787357956858570181e-05
-3.756830912854742979e-05
-1.419166423828960506e-04
-3.158719827207816613e-05
-9.207454608195516201e-04
-5.718208557140535544e-04
-1.044434108375273446e-04
-1.971535276391613110e-03
-1.253026277089288329e-03
-5.010984639684930254e-04
-9.988209586380702738e-04
-1.196337929081185285e-04
-1.340823696440717481e-03
-8.348411624233598215e-04
-1.533110097403920491e-05
-9.682333163309357680e-05
-1.451529491140528963e-05
-1.363451599344417006e-05
-1.289761812731602903e-05
-5.478272171904062152e-05
-6.817037425965938920e-05
-1.396215580111577828e-03
-5.438692533069667580e-04
-4.364045798139732193e-05
-6.831679361295986842e-04
-5.482069317169091803e-05
-1.121692727406340328e-03
-1.152527833629231595e-03
-3.104186127847110573e-05
-4.363197822016537711e-04
-1.221029700839379364e-03
-1.299133470969773581e-05
-1.657841868394453540e-05
-1.064003032769628398e-04
-1.129849027579579073e-05
-3.025163440612895722e-05
-1.293233932171859637e-03
-8.462640288418987050e-04
-1.415850616781951215e-03
-3.481689606789902880e-04
-4.534190244029070939e-04
-1.363084903810841790e-05
-1.336501008757877740e-05
-1.143561560383948016e-05
-1.036707107914508323e-05
-2.881413181240744038e-05
-3.174230179641933922e-05
-6.237620436310643466e-05
-2.689621069437689760e-05
-6.155634253561946176e-05
-9.217495767787567277e-04
-7.360478606597016917e-04
-8.642115043235753429e-05
-4.970066057244338590e-04
-1.046519909491766838e-05
-5.082484135283021941e-05
-4.299336666496774394e-03
-3.443004200204373855e-03
-3.158451061811665649e-03
-2.896983564269202654e-03
-1.643346673830338827e-05
-6.159447234270269114e-05
-7.097360372451150690e-04
-1.642759463933223744e-05
-1.404970223121759310e-05
-1.105541415791339508e-05
-2.543238627487050824e-05
-1.641914907186090383e-05
-2.925940064034241006e-05
-1.037768345472182656e-03
-1.637711094657978302e-05
-9.857803341336544584e-04
-9.688334629480959068e-06
-8.385322704432436602e-04
-9.167600671189517382e-06
-6.854325490634456761e-04
-2.525776087048018590e-05
-4.529020720711746930e-04
-3.313230781822206709e-03
-2.297595794513510037e-03
-1.312968330870472157e-03
-1.227241533499227152e-05
-8.040196687069638877e-06
-6.477721555025083488e-04
-2.782585567404643415e-03
-5.854385662001784047e-04
-4.893270354597376980e-04
-3.182965260125671385e-04
-1.018819354755240833e-05
-2.078847542954434871e-03
-1.010465899188329368e-03
-1.207530437289526767e-05
-9.164067780405687471e-04
-1.090092446557944192e-05
-8.512066845929251157e-06
-2.665399525166652073e-03
-8.712622654829174770e-04
-9.892290153709400874e-04
-1.801805811719449759e-03
-8.191673421560194315e-04
-3.035737818042834909e-04
-3.029536310829209367e-03
-6.094481189692151860e-04
-9.767285801924406987e-06
-9.023619884237036256e-06
-7.527460340757183136e-06
-1.140386374095785343e-03
-3.300921252223912501e-04
-5.833407273054571881e-04
-7.679302447248111639e-04
-1.739439151992867687e-03
-4.585553104660667853e-04
-2.716232494422497149e-03
-2.061983737160327009e-03
-7.501128569924775153e-06
-4.259979047280183879e-06
-6.771438422722803619e-06
-5.647571508732547469e-06
-5.940154584806673146e-04
-6.766116189048231399e-06
-5.183490677589899136e-04
-5.213443011383948375e-06
-6.246446795211113275e-06
-4.139443946002300070e-04
-3.376182970298855835e-04
-3.576662656032449885e-06
-7.333068179474910723e-04
-3.424463236958952720e-06
-3.251728119211674136e-06
-4.278691098839209651e-06
-4.162663348921557872e-06
-2.253154009356346261e-03
-4.924850369723205758e-04
-9.321607930037486718e-06
-9.172649468704921613e-04
-4.130554550027419267e-04
-7.564328289820411314e-04
-6.182934587504885626e-04
-3.213391795071952623e-04
-8.045806283424140879e-06
-8.830646808088707392e-06
-4.504548877703852885e-04
-3.985075390343477002e-06
-4.096919411377855371e-06
-3.071973022173908731e-06
-4.377139943575417999e-06
-1.428422140857250932e-03
-4.703112676263647581e-04
-3.031099716991399449e-06
-1.694916261619747221e-03
-1.865971792193320830e-03
-5.381722102088284899e-04
-2.906683094930297906e-06
-1.277164447867441821e-03
-1.675000098582785655e-03
-1.464030318822853380e-03
-6.489749783083022857e-05
-6.038064994305988994e-04
-7.096565877795389589e-05
-3.889765073760568086e-06
-7.087427732159701619e-06
-4.973815826453707256e-04
-6.818512279988681859e-04
-2.630838265559825328e-06
-3.792273941661221523e-04
-1.505775607119540184e-03
-1.317753560552023485e-03
-3.284120855730796290e-06
-2.867044761623590197e-06
-1.401799572792599173e-03
-1.231954709267642830e-03
-2.758261373826321919e-04
-2.825138356695118935e-06
-3.054200830061519750e-06
-1.355042692101448513e-03
-2.777754882030428735e-06
-7.187964982924894446e-05
-2.352801199425914001e-03
-4.798093834462060004e-06
-4.574222007795710448e-06
-4.327960383713356613e-06
-4.160009115725759122e-06
-3.715801652200289541e-06
-3.480755680879597494e-06
-3.054086624071210360e-06
-2.982219067700761616e-06
-7.422812920934158780e-04
-2.327941473025509849e-06
-1.998867312497707056e-03
-4.323522189031314038e-04
-3.175595398072861915e-04
-3.021118197221366129e-04
-2.238547635794996260e-04
-7.238418395808360578e-05
-1.744521635742015200e-03
-1.436882167689861708e-06
-1.263360472950168761e-06
-2.197765933352869346e-03
-8.434556776534950230e-07
-5.545231946398043145e-06
-2.087489930242016395e-06
-4.145886905513953988e-06
-2.976906911642678636e-06
-5.429817784881474379e-05
-1.883679180062074102e-06
-1.397677489692029256e-06
-9.312036738455503848e-07
-1.843454479022093489e-03
-3.297966150008778993e-04
-1.993827551796028890e-04
-2.840282610874984891e-04
-2.570653950536625864e-04
-2.445494034908553033e-04
-2.325959046666779058e-04
-2.212592313157314521e-04
-1.570461296170724187e-06
-1.285072354201246844e-06
-9.287850104528698163e-07
-1.675303491339041450e-03
-2.076398807343365291e-06
-3.132573920449522639e-06
-1.390128483124228523e-06
-5.017323213994717338e-05
-1.278026857800034051e-06
-3.941034604072235603e-06
-3.932385512863838034e-04
-3.725991922461662720e-06
-5.270577312049797762e-06
-1.557180067229312045e-06
-1.382306697424797535e-06
-1.274254101087366438e-06
-3.510656511476127822e-06
-5.492029112187476510e-05
-3.049232815118462989e-04
-2.859816207687657504e-06
-1.552486986937987318e-06
-1.378443585914473322e-06
-2.128272315061031743e-04
-1.123512719578683589e-06
-4.560190713707311963e-06
-4.404300829213445375e-06
-2.523042943992590743e-06
-3.098127014037158472e-06
-1.374214925966248540e-06
-1.120108374437870261e-06
-7.368764675520597825e-05
-1.370217069846448288e-06
-2.043927787170287641e-06
-2.821480997025812906e-06
-1.113554879021287982e-06
-1.537105615647146095e-06
-8.463223405225068314e-05
-7.457739842029801033e-07
-4.253692727708852241e-05
-1.109957615877863516e-06
-1.022892591127972171e-06
-1.222938696750710749e-03
-3.122440098740288516e-06
-3.275479869530940951e-06
-6.606410100249963420e-06
-8.352318950754466413e-07
-4.107955981883914223e-06
-1.498840781574758887e-03
-1.523419009174739639e-06
-7.427975249971637266e-05
-1.247015348143773114e-06
-7.032446767246047705e-05
-6.308215931525769924e-05
-8.995477169074892933e-07
-1.012930567030023186e-06
-3.681510059472147591e-06
-2.555339437660122984e-06
-5.342527065967655855e-06
-5.399081973940094852e-05
-1.846397330531216573e-06
-5.324679475515702676e-06
-8.269560647729147626e-07
-1.653494561607290981e-03
-2.478552574737198174e-06
-4.309009733430094066e-05
-7.130098854147315130e-06
-8.267574030548618784e-05
-3.119043679339570705e-06
-4.036948682482260364e-06
-4.575238766467259858e-06
-1.618729504578057246e-03
-3.620452639770174849e-05
-2.938990506067164860e-06
-4.126726374055971576e-05
-1.361310712691686993e-06
-1.111912839900354714e-06
-1.579329863521123072e-03
-1.717154791413805515e-06
-2.752098992505329722e-06
-1.742693310617573566e-03
-7.428861473336926030e-07
-4.049208506811573038e-06
-1.020488394370718324e-03
-2.406610249889735456e-06
-6.391143116374823740e-05
-2.971889041494978771e-06
-1.512029465538705479e-03
-2.293838786466554477e-06
-7.037541766353140799e-05
-1.149413979276156647e-03
-1.708138519584321519e-06
-9.099708634670687327e-07
-7.974458785365706627e-07
-1.771387737152604399e-06
-7.481008591782297358e-07
-1.363666833620910548e-06
-2.729294927084966492e-06
-1.315455102869991903e-06
-2.177927265365243878e-05
-4.279055451939748353e-05
-7.984664533708197090e-05
-3.367666041240223538e-05
-7.335659997553068859e-06
-6.307572235239892675e-05
-3.690226203087577828e-06
-1.064097910827202899e-03
-3.246927816367332239e-06
-2.381448229833746932e-06
-2.172233709095006945e-06
-1.913558078501966925e-06
-1.474729069152436425e-06
-1.249734450269760833e-06
-1.078630539792950596e-06
-1.045029005013970351e-06
-9.806302950496425613e-07
-9.498647622987875628e-07
-5.464800927320871585e-05
-8.103033803390698053e-07
-1.321113193212140793e-03
-1.917021808507385886e-05
-5.373101950348556198e-05
-1.277674610733430102e-03
-6.715286836852306742e-05
-4.860783292724040107e-05
-7.653209923181204940e-05
-8.501968473584364588e-04
-1.125851613184471927e-03
-9.900955746210743282e-04
-8.940418723888773249e-04
-6.306167825645811649e-05
-7.098432673643506434e-05
-4.370831292340056611e-05
-4.257500745924084944e-06
