14176.58883
14322.70243
14325.25023
14294.86453
14200.97681
14184.54001
14417.36157
14255.56350
14433.61000
14302.26116
14337.13081
14396.06989
14218.35570
14389.58894
14328.47606
14239.55937
14226.83542
14266.29924
14154.29369
14086.27614
14300.43228
14196.44255
14299.69883
14369.90309
14296.46865
14314.65861
14359.84318
14409.03265
14250.92127
14327.57565
14277.61349
14215.91691
14343.28051
14211.32958
14256.18727
14276.56411
14301.76705
14318.06125
14252.44610
14154.38770
14328.83739
14287.54616
14218.74776
14102.37406
14331.79068
14416.75545
14227.14039
14334.95010
14287.99485
14249.01412
14303.86974
14346.07885
14467.94908
14185.22996
14332.65911
14313.80168
14284.92230
14238.42708
14172.97385
14269.92401
14308.14894
14345.72971
14297.96459
14310.64814
14152.70593
14303.34782
14242.56007
14350.43486
14282.65787
14284.05460
14225.40983
14291.29514
14153.08700
14269.26434
14245.44065
14257.94380
14202.19597
14420.37891
14329.31873
14248.89802
14275.85074
14239.97989
14487.35581
14352.96264
14208.02713
14372.88438
14364.31621
14195.15032
14162.17845
14257.58984
14258.20063
14316.83557
14261.75764
14190.37738
14199.44163
14152.41784
14169.95455
14200.95154
14342.31927
14311.31531
