12790.90264
12650.64472
12780.04038
12762.33652
12696.42862
12872.58082
12730.60895
12767.62776
12667.50494
12815.98391
12738.12403
12807.83048
12777.68147
12756.61817
12846.88393
12715.29963
12836.71567
12897.03857
12730.26134
12743.25417
12694.95465
12719.03206
12822.71111
12717.96239
12764.77437
12684.71932
12836.57775
12736.23488
12743.75915
12769.51312
12792.46771
12783.97672
12742.46852
12728.40763
12723.35016
12710.17631
12771.90330
12765.64265
12722.49815
12803.16811
12797.90014
12833.11803
12627.56099
12695.32070
12751.56788
12821.50475
12733.76804
12833.01223
12689.50322
12731.31855
12878.39043
12677.87775
12817.67508
12601.94831
12695.96917
12772.74410
12815.17494
12778.12277
12813.03297
12725.87201
12735.72463
12724.95184
12724.35766
12660.77821
12805.09105
12808.35671
12822.87155
12814.90771
12684.95029
12898.58978
12836.72419
12837.10348
12727.76251
12758.34044
12796.05339
12842.45573
12755.12862
12780.66850
12723.74960
12802.13471
12729.52306
12713.53276
12741.66771
12772.01081
12685.47140
12790.83696
12733.87127
12708.15167
12655.58300
12852.01317
12750.92877
12673.34797
12717.27437
12750.16037
12750.92220
12776.29206
12828.46743
12873.13939
12797.56220
12727.41942
