12110.17619
12140.24970
12150.23961
12105.31855
12076.31618
12200.57008
12159.11137
12178.78384
12137.66153
12103.44516
12088.23252
12130.81995
12160.97417
12094.05574
12117.51062
12177.41079
12135.71788
12097.52166
12059.84975
12188.65456
12148.43424
12153.86589
12119.53496
12085.00311
12143.45804
12154.32633
12193.76531
12119.42074
12144.31012
12167.23299
12105.74573
12075.90457
12128.00375
12142.75327
12111.42430
12106.76282
12137.11869
12188.93812
12131.75073
12107.74109
12158.98460
12217.00575
12196.28276
12120.85063
12134.46874
12139.10222
12078.34642
12088.96004
12052.64723
12060.44388
12167.61922
12142.34134
12147.78910
12129.31708
12179.17804
12078.97625
12165.88247
12085.49555
12243.27953
12136.50925
12201.87194
12153.72628
12236.93114
12114.43317
12093.12834
12187.72270
12141.12901
12122.93865
12180.12419
12138.87398
12164.69260
12116.53313
12130.50658
12107.93217
12095.76335
12148.01243
12127.52379
11985.80727
12172.30294
12142.07845
12133.03110
12076.44309
12052.13420
12141.98394
12114.17752
12129.43178
12109.02385
12143.63903
12162.74308
12125.74791
12114.12413
12116.17544
12116.90983
12190.20424
12154.09076
12131.03206
12149.23836
12090.25225
12220.96385
12065.14504
