14732.74839
14845.61619
14824.75004
14813.72466
14737.30135
14756.65890
14923.61222
14804.53449
14893.22932
14827.62885
14854.45556
14886.90767
14787.82990
14903.22602
14849.91472
14813.82052
14806.08233
14796.02990
14725.25533
14674.62465
14801.72054
14782.79957
14845.76403
14881.98363
14800.81461
14818.20854
14844.76130
14907.57922
14814.75062
14860.71449
14810.32408
14794.98678
14832.57160
14786.33770
14803.37724
14827.77796
14813.01994
14800.50708
14765.34132
14728.94573
14832.89986
14813.18405
14733.67407
14674.77338
14840.98001
14927.68569
14783.82758
14851.76818
14853.00297
14812.76011
14834.00229
14844.16750
14951.69773
14750.37369
14845.69062
14864.59979
14816.76028
14768.44117
14731.93627
14801.10622
14811.17990
14864.07869
14827.72927
14851.12300
14708.49076
14828.03554
14784.60182
14832.33885
14792.80338
14817.62704
14765.72588
14811.99246
14711.42102
14814.30749
14808.90787
14809.35041
14753.64558
14900.45722
14851.48853
14786.19716
14844.93184
14754.85363
14963.34512
14852.93951
14750.35690
14872.31659
14891.57643
14751.02367
14724.19066
14783.06226
14776.49658
14847.11646
14815.71022
14746.89641
14752.93443
14719.66765
14732.26091
14782.68183
14869.11792
14838.52867
