-4.546581691288550942e-01
1.028886993958127327e+00
4.262761009833511694e-01
5.193507609356833310e-01
-4.541239892965350800e-01
1.050680765776406567e+00
5.407626056889157651e-01
7.355958592452271905e-02
6.392377013812094999e-01
1.190254296902859110e+00
9.616120377484073112e-01
4.011584497776158886e-01
4.635070920140448858e-01
7.459009475565914205e-01
8.348506774174421219e-01
6.031141166051092739e-01
2.070236597552622126e-01
3.843723920571302105e-02
1.363100489513141556e-01
-1.772996044018531892e-01
1.515400318486832543e-01
6.944123215015514106e-01
3.702993278527476617e-01
-1.570185410086101865e-02
9.218051269589265517e-02
7.069707031893350813e-01
2.930342661324965570e-01
8.770747006753359942e-01
7.505803959600155784e-01
3.841696045167337648e-01
5.342530212441691795e-01
9.080951179617287317e-02
7.076785932245267530e-01
5.136022895914544861e-01
8.995245902654512848e-01
6.867357349865079730e-01
6.841464008673008301e-01
4.694234163568877793e-01
7.242262705154444147e-01
7.079403641885403387e-01
6.006913360504947397e-01
4.874002932469592708e-01
7.232923962950332797e-01
1.451709033036358565e-01
5.466283179461930430e-01
8.047271083006380943e-01
7.279079010438495034e-01
1.216987667140029927e+00
6.843909945376820403e-01
7.638668057305696424e-01
7.165415988711625328e-01
6.207625780774332913e-01
6.541832554141897571e-01
4.784368548734046489e-01
7.574757837120127402e-02
8.912520025389579770e-01
1.133533075375887433e+00
1.205561669066008257e+00
1.038391095495353023e+00
5.467779107533603522e-01
3.741636400431753717e-01
5.631893166591331878e-01
4.573950511226462234e-01
-1.537827876449116352e-02
-5.004080868273531602e-01
7.088088590845467163e-01
9.911645277633582829e-01
3.139130810471484345e-01
-4.887890367971240435e-01
-3.418347496444058553e-01
-1.343214011502732175e-01
1.528087018454252488e-01
5.263822737007899377e-01
1.095110652236087834e+00
1.090856541959811965e+00
1.065918703935536227e+00
1.332805854938680312e+00
1.212972640764735210e+00
1.111352053711637478e+00
1.176681842314397874e+00
8.332847969906302943e-01
8.046145069225592028e-01
-1.766481826335228669e-02
7.438443021484563156e-01
2.576065023134376242e-01
-8.841502688125556231e-02
4.858733947400341036e-01
2.485007399786981208e-01
1.390671284789746776e-01
1.739362798590177520e-02
2.871308819123302714e-01
3.291536318261625294e-01
6.346706728742907977e-01
7.805652938696108212e-01
6.958595015498992842e-01
5.446446279793702994e-01
7.251185762375158550e-01
7.005126941800597917e-01
5.253661362641667276e-01
5.987494958143239066e-01
4.610239918581092722e-01
4.356431216652272842e-01
4.015477566663660514e-01
3.290697328401527288e-01
6.003730891135781178e-01
1.968398075888093124e-01
3.298423874440538639e-01
9.406095226245967389e-01
2.971438042689875103e-01
1.897719884851432059e-01
5.800284320225419510e-01
2.910350401654475672e-01
2.510976778534869669e-01
-2.910220862125265096e-02
-3.993304013185367679e-02
4.335641668630677015e-01
2.443087667997674572e-01
1.986204409352837486e-01
1.509505468217550994e-01
1.537198650398974575e-01
2.202014469202835945e-01
7.382658510347092085e-01
-3.177805195482169554e-01
4.454585850500002997e-01
4.099032546513204506e-02
2.889501962417814762e-01
6.994803197332638556e-01
3.243996167882814974e-01
2.726509235570747092e-01
2.091790488786221813e-01
8.860124219525054856e-02
2.251574906860127068e-01
8.899787931265388252e-01
2.942047661505793332e-01
2.150054737517969466e-02
-1.656225989241383659e-02
5.341674113702009341e-02
1.745302090355485211e-02
4.765610532311528313e-01
4.984794185746762030e-01
7.022840278638814437e-02
1.069592400340675931e-01
3.137314165661154175e-01
-2.374090096872736866e-01
5.299693321168290616e-01
3.426578852125292673e-01
6.774319635402692441e-02
1.067560312419893187e-01
2.868943556828203456e-01
3.009750193706238752e-01
3.761226246442719301e-01
8.041114096041892534e-01
3.028223655357297761e-01
5.199949433444280844e-01
1.595250167967949551e-01
2.923234393166723732e-01
5.099152644689334268e-01
4.103366403136660123e-01
6.086183064735978254e-01
4.416823361031237960e-01
4.131479424202799122e-01
2.540842844920216947e-01
4.231414199152488398e-01
2.743950840989492490e-01
2.048629238435461797e-01
4.295003557372909508e-01
3.932937429999096013e-01
3.665264878464382092e-01
1.156788180395063703e+00
4.353287918662706452e-02
2.026231185774663990e-01
3.096424738468339100e-01
1.845372295572629551e-01
5.328822490233480202e-01
3.099799061161382929e-01
2.474277979922646642e-01
4.971215289235849655e-01
3.361351582079839528e-01
3.345551449969700331e-01
1.311174766403450542e+00
5.743356385305823375e-01
2.369646144990631420e-01
4.895283080239911655e-01
4.260047887483882634e-01
1.820969495250142622e-01
1.932085663251950081e-01
2.976673870003586075e-01
5.178081078790119918e-01
3.985519481945319353e-01
3.138897451874032574e-01
1.965491661874536611e-01
1.515862405795843082e-01
4.840075227442938166e-01
2.210030409559254061e-01
4.733356588131084619e-01
2.510727055967993393e-01
8.538196644021996962e-01
3.535114437290869938e-01
1.661970194089576747e-01
2.441928008993548838e-01
1.475495153988342079e+00
1.213673347915012357e+00
8.546895693387497328e-01
3.564350068248658965e-01
5.118638238638084648e-01
1.906746602832687654e-01
2.297533420362491419e-01
6.327466924453581387e-02
3.590448980802682932e-01
4.419593074481398820e-01
2.215381196129630192e-01
6.773955032754314098e-02
4.502850606190823557e-01
4.201258234022883786e-01
1.720031226227280718e-01
4.476727195810371596e-01
1.272150059655142051e+00
3.873687053501566613e-01
8.584820837529152371e-01
5.615903083277242747e-01
1.228249876001152180e-01
3.918982042930329590e-01
9.222574573095858319e-02
1.544318045577673937e-01
1.025721836891274885e-01
2.970399340428764856e-01
7.094823039533013076e-02
7.373844296957032807e-02
1.177958211332451599e-01
1.141602286534545430e-01
7.325992562125858143e-01
2.254377477108888972e-01
7.218501952362393892e-02
8.742612562110421703e-02
1.869210114243493870e-01
1.166174107633109136e+00
1.816322320865718098e-01
9.474490348916517202e-02
2.281647458554946495e-01
2.816867044493345795e-01
5.161986579086427773e-02
2.661805676590037889e-02
1.552770027413083453e-01
1.793939801312077406e-02
2.275681544839441017e-01
9.751990165945999545e-01
9.918550638866340252e-01
2.580074826441543512e-01
2.753804292871733783e-01
5.442211361807813841e-01
1.631352406449125825e-01
1.161260039157047119e+00
1.000699419049949634e+00
1.847485483034806697e-01
3.565187594358849021e-01
6.971393291187613639e-02
1.931170844105731255e-01
2.844931609251544202e-01
2.751788453482344882e-02
1.919380489060407147e-01
6.147336869721619496e-02
6.069554754618025072e-01
7.793362800044487670e-01
2.090940445859275909e-01
1.587752481003604499e-01
2.247481762425581342e-01
3.193760024228309291e-01
-2.529440774882903142e-02
-3.882108029186134845e-02
1.734173774177877880e-01
1.776784456227179509e-01
1.441926005435405778e-01
4.745856494179662849e-02
1.686787155432394325e-01
1.920025370727727887e-01
1.596426511411961902e-01
2.008386864028453567e-01
1.611267975181694123e-01
1.042516446528985785e+00
2.323302486609674089e-02
6.485860488746923724e-02
3.420131344922569538e-02
1.236831280244219816e-01
1.362710764626134941e+00
5.406855584839530549e-01
1.132203220167790958e+00
9.984865876519852246e-02
2.318622994738293031e-01
1.127822869958637342e-01
6.401128365479672455e-01
6.328535024175581114e-01
3.277481761542042071e-01
1.074485719730881306e-01
3.237384008012019199e-01
5.547774957585616118e-02
3.173093194729780242e-01
5.593291062677459985e-02
2.936779173094766771e-01
1.252508252400686750e+00
2.599261415875743775e-01
3.002656620209936955e-01
2.989659065123237425e-02
1.871631793881705086e-01
1.392140132735004698e+00
8.586190175422068194e-01
1.091921558540215331e+00
7.639970101730636509e-02
2.351704742200771137e-01
1.159045277050466449e+00
9.995150023468832856e-01
8.817875926434102229e-01
8.816913212205074180e-02
2.218448873865036808e-01
3.894360144678164493e-01
1.221604961785843768e+00
-1.060077848165102976e-01
9.843659319102131544e-01
2.895537115103625769e-01
6.655547187045007806e-01
1.179811484996892146e+00
8.307228856532888894e-02
-4.697253598891762416e-02
3.267919848544189598e-01
5.033018116431440259e-01
1.010889320285474069e-01
3.869134911895028006e-02
3.092212757826919844e-01
5.263897886492150402e-01
7.151791356568304447e-01
8.489678177335219234e-02
5.238567953215089723e-02
1.111624457749340600e+00
9.795039870718098562e-01
4.807584555574576646e-01
4.922735709992041020e-01
3.493009625845363009e-01
8.575622088663515941e-01
5.008399720284888446e-01
9.679354858690552010e-01
1.052255831643192030e+00
1.005951780945374852e+00
3.016635812015164841e-01
1.041010770131202356e+00
5.288329926261527980e-01
4.172301082579512599e-01
-3.009600268111091159e-01
9.877747701358182697e-01
4.028732004879346795e-01
3.996811149380722905e-01
6.048918362534644322e-01
1.461137325969065204e-01
-2.335518698386697123e-01
8.599738756092757397e-01
7.102328194498064295e-02
1.175522351942207333e+00
3.449520229977776631e-01
3.073267845204263882e-01
-1.059397435603024462e-01
3.045188135338879887e-01
9.815070533644365547e-02
3.433525896496387175e-01
2.420814566154875225e-01
2.322804767832645778e-01
2.463931113072309609e-01
6.491696304372072124e-01
5.386689368009901502e-01
7.046199163981905489e-01
8.534535555353527370e-01
4.635962272773201942e-01
1.150059071486895235e-01
1.767467339117282377e-01
8.614078834229369486e-01
6.709423481627760921e-01
4.939943968954934594e-01
1.742671487625261362e-01
3.788871852246349925e-01
3.972819130893049944e-01
6.323064527761278475e-01
5.528151344429336200e-01
8.155420853300743289e-02
6.580179752437320673e-02
7.401374296716989321e-02
4.439499470383397872e-01
5.911722407557237213e-01
4.165560775404175686e-02
7.958570209393450723e-01
9.087291363649119269e-02
2.402502375432353232e-01
7.681739329272485595e-02
2.388114766632848385e-01
4.611839299156872407e-02
-1.088249196764934368e-02
-2.008183622183845607e-02
3.424353356253705960e-01
8.506212907606115481e-01
5.565664185777134954e-01
2.875031769934280890e-01
4.121360469343416377e-01
2.891564168659257472e-01
6.134840163474808428e-01
3.078706288110222289e-01
3.855564064359606746e-03
8.458227650035088363e-01
5.616537793687559343e-02
3.132787200350076739e-01
-4.470254572419084943e-02
7.087378986271835046e-01
4.182095138247595156e-01
7.567119229025951466e-01
6.452779377921009640e-01
4.423928915496898595e-01
5.117690036917721397e-01
-4.139016132011781417e-03
5.041914411477460556e-01
3.801573367448426444e-01
9.502334246710432142e-01
6.871591947868641581e-01
5.039361848799918109e-01
4.793867009969012827e-01
1.566861991678030197e-01
-5.444985606254526544e-02
6.883932347573049615e-01
3.625270508164881167e-01
6.572019373040168810e-01
8.928177722672487882e-01
9.496576993637155795e-01
5.738666707782290599e-01
-1.095514954656759965e-01
6.702056763018418017e-01
4.329161956726809146e-01
7.432753289874221014e-01
7.162206281433450838e-01
6.645835951751912773e-01
1.084451133445320847e+00
6.699226967295361934e-01
3.321658709370465257e-01
5.956732111372631255e-01
1.132926005860081853e+00
1.707950720448908166e+00
7.443475139363391335e-01
7.426761421405083663e-01
7.285923996222937182e-01
5.194095785222418993e-01
8.243881825681751430e-01
2.223965219969479268e-01
6.848209035153072222e-01
7.949152801933514478e-01
8.365184754381617127e-01
5.798865879315744376e-01
1.149105553036474436e+00
3.314692760445274722e-01
5.376608011959652655e-01
9.658946837157327270e-01
1.148125291331738351e+00
5.448625233838314541e-01
6.113429505486984716e-01
3.959644153408207190e-01
1.076902037233014031e+00
1.183511408082929650e+00
1.109141495333138661e+00
5.808151877628686677e-01
3.201274199212288951e-01
1.053454313973126277e+00
2.850931733560185255e-01
6.081629063574793825e-01
5.760935330431924406e-01
6.348008115622786329e-01
5.680646119379004766e-01
-4.289312833274561143e-02
6.654790934753238574e-01
6.008245493102259971e-01
6.851062438389354803e-01
7.913868003338694335e-01
8.218522486630347457e-01
6.239373164524180115e-01
1.118240602920086646e+00
-7.940516207034443996e-02
1.650074106579757505e-02
6.632168646778691112e-01
7.332161937192285261e-01
6.383846321790852540e-01
1.308873455299996991e+00
6.250088826086012128e-01
6.736660727199887955e-01
5.988575288326837276e-01
4.199413005921761588e-01
1.653067186084402063e-01
8.454218545157868858e-01
4.093614285797260721e-01
1.303009989835381743e+00
9.726502200517497254e-01
1.065930131234366307e+00
1.050821317217767170e+00
6.203900916519856645e-01
1.021053130104917495e+00
8.397573271390751382e-01
4.237661607451281842e-01
6.108932613740556405e-01
7.726178205287010936e-01
5.044083615327183967e-01
1.105274724973816625e+00
6.256035953558941598e-01
1.016162723401037971e+00
5.019152437768931163e-01
3.159971004991450894e-01
8.117205450473110595e-01
1.240387637876781080e+00
7.286455653863882498e-01
5.915805548638355393e-01
5.117614181598294509e-01
5.999255195701170829e-01
4.686607912748530502e-01
2.159559070049948681e-01
6.012274180692930292e-01
4.211631280017608669e-01
8.192913047961905004e-01
4.041321804752528446e-01
5.901806292533733345e-01
4.369840764020720414e-01
4.180591254907197740e-01
2.145434298804665685e-01
7.309468829726648575e-01
5.605990615787569409e-01
3.726631555943315521e-01
4.611934088379132102e-01
5.860689717273571686e-01
1.966111952003388730e-01
1.415109857216886313e-01
3.475700060630977917e-01
5.784118385334900969e-01
6.084014464863184424e-01
9.513140459407232186e-02
6.436768511232443535e-01
8.059573728147932936e-01
1.001911177958046739e+00
4.173995236032504996e-01
1.923380888191032478e-01
2.957364557356650936e-01
1.755171249879415307e-01
1.159107924384389365e-01
9.633482062847081862e-01
1.975355570913793768e-01
3.058040872678776667e-01
4.130727754259247986e-01
1.011719121123116683e+00
7.470571069283031829e-01
5.948931263392142066e-01
7.114853455070528909e-01
6.306438185481145764e-01
9.168604885099406188e-01
4.714552998497561487e-01
1.436882386665437883e-01
1.587492205056630079e-01
6.708866217279533251e-01
4.567879377577924727e-01
9.465882432842156469e-01
9.585420916163633898e-01
1.004785245078337330e-01
1.885249359931173707e-01
2.024446374849974140e-01
1.226939367290928451e-01
3.346950948018166949e-01
2.456213711651420994e-01
9.830593672388360238e-01
8.958139311005748340e-01
7.704101422278416544e-01
5.368444424936762438e-01
8.763889798839124001e-01
-4.208245628297829777e-01
9.887845968252948481e-01
1.140535850925442074e-01
4.856826481159367548e-01
4.196383043815127278e-01
4.934578817399115636e-01
9.928666036395958905e-01
1.889605691512553920e-01
4.725644412725453769e-01
4.014785355738476058e-01
4.297789648373105953e-01
4.054877514057140253e-01
1.060814376505739842e+00
5.240441307788019643e-01
1.988697671695688063e-01
4.922848667628183517e-01
6.765171582689817331e-01
4.611255160937248188e-01
3.717511794642678891e-01
1.967930180307960464e-01
1.052957898243446877e+00
4.691813617309478768e-01
2.395526382311261027e-01
1.969251392125387079e-01
2.395484664146896592e-01
5.108951177252312181e-01
3.022595697704167916e-01
1.613722588125828805e-01
6.718377011485603401e-01
6.589966132523292774e-01
9.357701409075861454e-01
9.678537538830015441e-01
8.839301321671022560e-01
1.877405186435804063e-01
9.674558600604937775e-01
1.016417948973936447e+00
1.020744107083022101e+00
1.007144005127199149e+00
7.008845157745677845e-01
2.257532506526290228e-01
7.965867456477097042e-01
6.739769659987820960e-01
9.321070920168564866e-01
1.818888541298323558e-01
1.791671758410598725e-01
6.685244480513138354e-01
7.534960131150596485e-01
8.658860226745297428e-01
8.370552601328362652e-01
5.869267905932070706e-01
9.630558287494055403e-01
9.920049304121886236e-01
8.222555617591944532e-01
4.455026556546787253e-01
3.801082654514776893e-01
6.389315944511757550e-01
2.511049984314007721e-01
9.640590143171258175e-01
6.642006511372254840e-01
6.229372556278973683e-01
3.215210072588088330e-01
9.734190444587169644e-01
7.258430292863936595e-01
1.105843597514111432e+00
2.073143804382193145e-01
2.133370385888040399e-01
1.954834450484495278e-01
2.860980661684817683e-01
6.018059674472175935e-01
6.672601148927296277e-01
3.067133014742918773e-01
8.499531861467941596e-01
8.870467670764921042e-01
9.191895267321110730e-01
8.558670884535346524e-02
6.074945705888145087e-01
7.145519482644246967e-02
6.627458474054325199e-01
7.288009535361375524e-02
1.615284391854873713e-01
6.793892164582628901e-01
2.031689927506421800e-01
6.683673010727468888e-01
7.681041563805124373e-01
6.212327744882879810e-02
6.415700493420162243e-01
1.183938890172796965e+00
2.315880612044977360e-01
7.860535585458007235e-01
8.683420410591273786e-01
3.094730611421991906e-02
6.528153637190444725e-01
7.114019166195545418e-01
3.526415758638886677e-01
2.348957752163526036e-02
5.132508317585549040e-01
2.434777173118134186e-01
-2.159492108286038825e-02
2.298322103428655783e-02
1.458241719371715650e-01
6.860954510385711691e-01
7.900840438749973105e-01
8.445335178631592221e-01
6.861078251197735289e-01
1.710206178676590971e-01
7.250782326240279296e-01
3.523104827053391563e-01
3.637249342784178441e-01
2.740842324684388820e-01
2.661501077231642753e-01
3.550968043594879830e-01
4.611364791623512871e-01
6.974837974601639790e-01
7.497003369960999475e-01
2.740892946232766358e-01
4.063335932194538924e-01
6.650257249152389250e-01
6.672822458470432094e-01
6.579815255416557873e-01
5.443950245532368504e-01
7.196050673946771115e-01
6.479171180960779930e-01
6.635252790772693254e-01
4.602062317044125495e-01
1.101297280477498974e-01
2.374254508016160614e-01
6.944568939899402604e-01
6.141842262739147795e-01
6.288238070824559989e-01
6.001242031040513458e-01
6.838374427916041887e-01
-1.719177314822918912e-01
3.255511540396428538e-01
4.558326594687898692e-01
7.165751153209938273e-01
2.070010253506350262e-01
4.977929404451960083e-01
9.244149901659680646e-01
2.086303503973063189e-01
1.586154310260037489e-02
8.302080605314097195e-01
6.077570466303648944e-01
2.660979093517434890e-01
4.077853923281191117e-01
1.539378232416245273e-01
8.525051069163367412e-01
-1.504151737509674003e-03
1.566897690536106502e-01
-1.464747098983627815e-02
-1.861001407003984309e-01
9.219312507841437299e-02
6.940037866845152892e-02
-1.235364223443877751e-01
-2.669514617667703704e-01
-2.794977220126122486e-01
-2.596207025173534466e-02
4.128235344887953850e-02
5.112684595265657578e-02
5.729720507471617319e-01
-4.929725710522897542e-02
4.928916602904083177e-01
1.406616703140494556e-02
5.636693558935895743e-02
1.079783848853964057e-01
7.896070194499034411e-02
4.664957709912957995e-01
-4.116449884230640732e-01
-4.537839198216476189e-01
-2.737859715593179977e-01
4.422650068057321776e-02
-1.077749921490815527e-01
1.201351846542762225e-01
-3.410297701739151699e-01
1.170000136857970857e-01
3.139477142521719388e-01
3.107334248699369916e-01
1.230905018930940481e-01
4.483214645532327541e-02
2.092019372261769428e-01
-1.830399800472824468e-01
1.909473992027272415e-01
7.232136089898408837e-01
4.167941764098636453e-02
4.703678992355257438e-01
4.901168916545911025e-01
2.551399713799776259e-01
2.573276158758089904e-01
1.074286037034098001e-01
-3.026407446127269418e-01
-2.624053039506074048e-01
1.420697155007207557e-01
7.817081749802441692e-02
1.740062821502384727e-01
1.015199635423298802e-01
1.193909622361328804e-01
8.595915629970098115e-02
1.172219021327173816e-01
-3.748370130888776380e-02
7.325904389835294905e-01
6.152520143151296583e-01
-8.796469869682259635e-01
5.939856862000916227e-01
5.531127827085005055e-01
1.268396755353639604e-01
5.483025978517765825e-02
-2.693990655968355741e-01
-1.326685143759454011e-01
1.051860201764727859e-01
6.283909861234617811e-01
6.423925779463161012e-01
-3.878128781212246690e-01
1.002301847874872802e-02
-2.504115057122234256e-01
-7.945436965363285309e-02
4.541178089825360226e-02
2.684083188465298878e-02
3.033106609059709260e-02
-1.425158354373952552e+00
-2.463076221533416488e-01
-2.071741079288449416e-01
-3.678563216110434242e-01
-3.858481179265937366e-01
2.333480023445531626e-01
2.343781309708392324e-01
-2.175307020980382922e-01
9.804069081888076853e-02
-3.617667686511706893e-01
-6.586045945085806930e-02
-3.678858958637711840e-01
-3.263399126636387648e-02
6.759931831175768346e-01
-2.282233336763057896e-01
-3.733743977337440345e-01
-5.824342380967977711e-02
6.822779730507102514e-01
2.876107471929119641e-01
-1.010976786684120388e+00
-1.211991492196055509e+00
-3.775187757117448584e-01
-3.673514921397650901e-01
2.977252926704082037e-01
-4.948944604133964087e-01
7.011583255747401155e-01
6.492951456142620481e-01
-4.334902826755801519e-02
-3.623773191870412469e-01
-4.407957135653603475e-01
-5.152189275942236080e-01
-3.590653520236313234e-01
-4.012445954262060521e-01
7.038111984065694715e-01
-3.871692590074485851e-01
-4.132263135473226434e-01
7.166706996793309470e-01
-1.691611795854379430e-02
-3.727336210723743437e-01
4.859058700252106289e-01
-3.837440273933770407e-01
-3.217737907143494724e-01
-3.733828191669006924e-01
-3.507648614685137667e-01
3.234942579832099652e-01
3.115432782134819334e-01
-5.590752096248643443e-01
-4.649630606974656244e-01
4.957050483826946907e-01
-2.495777716868196050e-01
3.289376961348920436e-01
-6.950662828991251985e-01
-6.835241766077028158e-01
-7.084449018095239081e-01
-7.213551777340111437e-01
-3.548788405794437439e-01
-9.246844095505477590e-01
-4.073432896845841089e-01
-4.982208237945841556e-01
-6.164241437097277565e-01
-4.057436137250288177e-01
-3.094445698569197115e-02
2.253681188517494827e-01
3.047171470217444056e-01
1.592701825280764261e-01
-6.459640627677855074e-01
-1.094086354400908068e+00
-4.461458879408973233e-01
-3.576545017353216505e-01
1.224836438165902708e-01
-8.851006466851177867e-01
-2.801013525777003021e-01
-7.184478633674226122e-01
7.008281498175268354e-01
6.687305759178027720e-02
-2.930198350404619179e-01
6.476562417462641275e-01
7.050494509971212409e-01
1.606717496343301049e-02
-4.237376206027357317e-01
1.021977985950719113e-02
1.517423384362026617e-01
4.512968833100513000e-01
-3.101807412332917013e-01
-2.229274010392472694e-01
-3.148559470708795494e-01
-2.374049957338926486e-01
5.988018695027830240e-01
-3.369565516396037103e-02
-6.899922180080421408e-02
1.081779991366118437e-01
-4.749877245277723259e-01
-5.375235841602231668e-01
-2.133958372133674675e-01
-5.178964673624338877e-01
-6.209867091732055311e-01
-2.559567220543086385e-01
-3.725255907829323476e-01
-5.570182901708629064e-01
-1.780432277924767770e-01
-4.810778024773534334e-01
-3.431845743973016560e-01
-2.524906920957753487e-01
-4.642791209239001127e-01
-6.735319276606097638e-01
-2.005961945027869286e-01
-7.714566783948475504e-01
-6.656490403831337443e-02
1.197330153031659766e-01
-7.377546337331365445e-01
-1.549010051772120311e-01
-7.458869064423334638e-01
-5.282958167700055885e-01
-1.802759688216121203e-01
-4.740645155889575135e-01
-5.668946416838303026e-01
-5.474803551582085870e-01
-6.568077853633480512e-02
-8.609162691709353055e-03
-1.881017210995256650e-01
-2.589002265451215146e-01
2.164496667029327248e-01
-2.790338365298986600e-01
-3.691072956810487748e-01
-2.634030710917162343e-01
4.944423350229475433e-01
-5.711973309125411430e-02
-6.359300626982961058e-02
4.739390078530028583e-01
6.279413894300277243e-02
2.871532123286225646e-01
-1.955498952373151481e-02
-5.137687948141717031e-01
-5.375958847610488034e-01
-3.403185111173804289e-01
-3.582161808778864254e-01
-1.318057338445470239e-01
-2.661854002373055805e-01
-3.662119888246370136e-01
-5.332705324276726389e-01
-3.375955111310529611e-01
-3.674573699102427482e-01
7.799203413588358391e-02
-1.520800849015986334e-01
-2.611970823214534443e-01
-5.729606432461561288e-02
5.021984228370474090e-01
-7.536754069218791485e-02
-1.129511574257665796e+00
9.752672056222731756e-02
-1.195885577933189330e-02
-8.602118087677770863e-02
-8.527003915826589231e-02
-1.879905122642169801e-01
-1.266951935214365887e+00
-4.959785348821595802e-02
-3.338764528780623075e-02
-4.024225063192711505e-02
-4.116751606871459912e-01
-1.716681292445661478e-01
-1.569444482095762039e-01
1.160398005007141853e+00
-2.979969868571188396e-01
-1.073641728303666110e+00
-1.415531106364854852e-01
-1.098349521370568516e+00
-1.082865416228082772e-01
-1.320642840072290713e+00
-3.254510786979792347e-01
-1.359184204208825797e+00
-1.272041660468460567e+00
-1.511326523418439483e-01
-1.280278618095140042e-01
-3.185931384717902715e-01
-1.898221203544265379e+00
-3.721500942189920891e-01
-1.322842082174777056e+00
-1.612420638309904064e-01
-3.769648829897907089e-02
1.310720427795861731e+00
-1.854057142821302073e-01
-9.866687233637430055e-01
-9.157312316934395069e-01
-6.200597662876330407e-01
-9.435284527218099071e-02
-7.701992132409432590e-02
-1.373846191780530912e+00
-4.186246842740253271e-01
-3.268928218259387064e-02
-1.303997811080640945e+00
-2.718606542871321863e-01
-3.474791942305040932e-02
-1.205962215745509436e+00
-1.168073129550473571e-01
-1.991447454510605897e-01
1.304488705344638566e+00
-8.625566479167463829e-02
1.167357489141322979e-01
-1.520528313828101163e+00
-1.209019323297766402e+00
-5.133698849856531687e-01
-7.716350184139642021e-01
1.429155643035757262e+00
-1.941152885351342672e-01
-1.895736351595788682e-01
-1.487298927175602747e+00
-2.866665142117087450e-01
1.148213459224437932e-01
-1.429578856473759041e+00
-6.877943822543506336e-01
1.253085381520602226e+00
-1.373676299037832615e+00
-2.374730318177546429e-01
-6.246059823273394374e-01
-1.738020667921683415e+00
-1.163859080431497217e+00
1.049496964947885941e-01
-5.355596366401468300e-01
-1.566807594546480775e+00
-3.864819057002491509e-01
-2.588833509995548954e-01
-4.267967712195505636e-01
-1.178555241177523111e-01
-1.881361204480744564e-01
-1.631290245921773963e+00
-3.876578750280354480e-01
-1.351172974895252565e+00
-3.785087034397254246e-01
-1.717408552558020440e-01
-1.157538210032033277e+00
-2.626894535921380225e-01
-1.152729660275974566e-01
-1.342572977208766671e+00
-1.947686119127455817e-01
1.258275595709466677e+00
-1.385892317163756937e+00
-1.470920350474818949e+00
-1.190699330320573734e+00
-1.646588421805410540e+00
-3.060191909706753144e-01
-2.235964065747851059e-01
-3.170722082839571576e-01
-3.917963226637764529e-01
-4.305645943004632881e-01
-2.865768381064726089e-01
-2.077298564244585144e-01
-1.359509792558628360e+00
-2.650973868608086370e-01
-1.295344249727553798e+00
-1.566306016775686594e+00
-1.553813310764438960e+00
-1.465249401565239307e+00
-1.322460424710369287e+00
-1.442451147741868056e-01
5.772760170172282906e-02
1.604946175565829636e+00
1.540280867825071898e+00
-4.078393665217969755e-01
1.592370122384345610e+00
1.609453626528351666e+00
-1.475261058759754551e+00
-1.441700914080695783e+00
-1.750316391134372762e-01
-2.289371996980317792e-01
8.432732577824272879e-02
-1.274749946594813776e+00
-3.069571538706951097e-01
-2.364454966490014132e-01
-5.590112912612877905e-01
-1.214771309081781103e+00
-7.722061578469709975e-01
-1.982244616938735049e-01
1.398490184598073727e+00
-3.202068536202994364e-01
-3.696682139379249832e-01
-1.134412594676937891e+00
-4.913113013627913861e-01
7.710940240874294971e-02
-1.143040847287356332e+00
-2.203953052709707594e-01
-4.766084589448949527e-01
-1.575531474551483124e-01
-2.506476899806670544e-01
-2.246868619682173829e-01
1.337980260262116028e+00
-1.927857800166155600e-01
1.436179021923135846e+00
1.394011082566835480e+00
-1.990167621374150653e-01
-4.595419756867518690e-01
1.312884264153917346e+00
-2.227297461747471674e-01
-9.842433505671764893e-01
1.347226001546191432e+00
-3.132900288868213923e-01
-1.004250976630209014e+00
-1.060095323018168889e+00
-7.900205695192690225e-01
1.345696410188678138e+00
-2.146551620399812232e-01
2.007323644404023444e+00
1.265193386563622679e+00
-2.634742993000506739e-01
-4.354825847969662211e-01
-3.229532488759658260e-01
-2.896446493171941916e-01
-2.747075585188546443e-01
-3.336143254775799649e-01
-2.729905924072718593e-01
-3.539846398724887933e-01
-7.812111224935461840e-01
-1.461403195302828806e+00
-1.237401280867151954e+00
-2.008911945986128877e+00
-1.304090134097017462e+00
1.334570949345694757e+00
-2.019576233759643014e+00
-1.265500061882200711e-01
1.293347755710012370e+00
-1.221765004016806433e+00
-3.952669132013608005e-02
1.331881588089770752e+00
-2.805923261365090848e-01
4.701814422766596446e-01
1.105993953880349379e+00
-1.080461999758212110e+00
-1.366643193376288590e+00
1.307686150123767321e+00
-8.850301851394813957e-01
-5.355459491679847445e-02
-1.855035720468976024e+00
1.785785295301543618e+00
1.318822313511261335e+00
1.315307032136125320e+00
1.283065237137007264e+00
-1.230469007953119753e+00
-1.167461516430338131e+00
-1.567729392966185298e+00
-2.734651279768562371e-01
-9.332604457218489635e-01
-8.564118662425301842e-01
-1.192340305734429680e-02
-2.092054718488131293e+00
-4.550597201757942689e-01
-3.049013912861038844e-01
-2.662979177183823487e-01
-1.017975382435304166e+00
1.659276071897971105e+00
-2.640231661311554512e-01
1.325302749077210462e+00
-1.057789834752753899e+00
-1.418602679381321119e+00
-3.564691173349264774e-01
1.096376327025060826e+00
-1.060197347264591805e+00
-3.267756991921053067e-01
1.275204185619002034e-02
-1.390218537032421493e-02
-9.682236019866771182e-01
-3.317962243739397965e-01
5.761860071626583313e-01
1.922934670472697283e+00
5.038002856944785446e-01
-6.461952778618448301e-01
-1.188167608267115760e+00
-9.901423130489255264e-01
-7.646119408750220135e-03
1.567342253306238886e+00
1.001888725889858778e+00
8.917705141156568871e-01
1.718432538803865151e-01
-1.310464077830662877e+00
-1.002771787286149685e+00
1.531943424222713901e+00
-8.286548758608258680e-01
-2.611566947871190592e-01
2.582632111268294561e-02
-9.864824759115461417e-01
-3.072072545072433436e-01
-1.015899081254216574e+00
-1.066417456713484091e+00
1.942036200457195882e-01
-4.868418002428253066e-01
-4.232847500232413407e-01
-4.164364975363596399e-01
-1.171358689357639982e+00
1.832062074674791319e+00
-9.005790426085258371e-01
1.832184956975717371e+00
-4.677789147753355636e-01
-4.802097774719678303e-02
1.405758834245783052e-02
8.763698293752308910e-01
-1.160632637115098564e+00
4.308602753253885087e-01
-1.034323500313016009e+00
3.747091666115742736e-01
1.901672447973452307e-01
-9.207732681956459775e-02
-3.543662956014047571e-01
-4.102993152687401390e-01
-7.798859413198629964e-01
1.184074856982891416e-01
-3.003331036099984308e-01
-1.083249833989206046e+00
-1.442278057315733664e+00
-1.398729063625634650e+00
-1.315853760340539802e+00
-1.311970870778148335e+00
7.066359374300029694e-02
-9.222082230288363158e-01
9.654848514463584275e-01
-7.833506663395884972e-01
1.075586737681881511e+00
-8.075319610673903359e-01
1.575444092624098819e-02
-1.374447722767349056e+00
8.057914884966816196e-03
-1.451940749017748944e+00
8.739745340474444069e-01
-6.608822361564124651e-04
-8.567325731324224591e-01
-9.802849524320611518e-01
-1.744078565843330819e-01
-7.833250809685313731e-01
-1.381766850795801194e+00
7.431995042869721235e-01
-9.646553052034746445e-01
8.165266204330197120e-01
8.697006308967158983e-01
-7.879991853244560085e-01
-8.468387348123042058e-01
8.805858380887511272e-01
-4.636963334864434017e-01
-9.236447087034871384e-01
-7.496922794724922845e-01
-4.105004002734625734e-01
-4.597945494978040171e-01
-4.570932438378502161e-01
-7.487944004549892396e-01
-1.637442264000911640e+00
-1.466538938143731929e+00
-1.483935675902115392e+00
-1.594250463589505173e+00
-3.085558957188425655e-01
-4.630830266231458214e-01
-4.594005732677016729e-01
-8.161659543331106770e-01
1.357393637348724980e-01
-1.302710186918816515e-02
-9.044119374027008787e-03
-4.389713662860355581e-01
3.798791309022523516e-02
3.010647481763737213e-02
-2.290709064554002639e-01
5.648173819698129941e-03
-3.782604850043102540e-01
-4.716153458966618195e-01
-1.101887436890266025e+00
-1.109199372104922698e+00
-1.100410021149120343e+00
-5.272387520628744051e-01
-4.729245156244461790e-02
-1.052647368653446769e+00
-8.677114470513336286e-01
-9.162247561404925911e-01
-8.986592905645153229e-01
2.018121054037324003e-01
-1.709242525070978180e+00
-1.152707558758662820e+00
-1.354797865812518376e+00
-1.272195557792153764e+00
-1.103923391589784364e+00
-1.256600721098478424e+00
-1.076605227633004480e+00
2.994023549311360458e-02
-1.616498574668616017e+00
-8.907943950504417785e-01
-8.671365059176990853e-01
-1.409371256306505948e+00
-8.518466605146793880e-01
-5.737593141221030146e-01
-9.540832312423098704e-01
-4.457628867612296597e-01
-1.877951212544117343e+00
-1.586640134738745767e+00
-1.864402586275166751e+00
1.558218729914432332e-01
-1.498450995677967246e+00
-4.918857577381647861e-01
-1.325981840551345270e+00
-1.722011754353970803e+00
-6.071781198308588978e-01
-1.532330074047129731e+00
-1.198820831552418253e+00
9.549915094572015983e-02
-8.965197036492879024e-01
-1.881030820106191381e+00
-9.584830588832903286e-01
-4.149692836824434017e-01
-1.141818303328231421e+00
1.284977105481353021e-01
-1.318589254180505321e+00
-1.513914587963607339e+00
-1.458605389591848267e-01
5.978361487688422793e-01
-1.970447096069172510e-01
-1.146772191363717885e+00
-1.173542479768183711e+00
-1.408517044771407101e-01
-2.915599118916269994e-01
-3.323001793965951745e-01
9.093165155133399458e-02
-5.089517641323072494e-01
-1.021339116148002102e+00
-5.179620950196328621e-01
-1.023384646354850824e+00
-1.346055049544131466e+00
7.493786499445598270e-01
7.728139393204308538e-02
-9.281564762732795737e-01
9.684247088373871826e-01
-9.804095299535882102e-01
8.533893017347238263e-01
-9.426947637598894758e-01
-4.752432100092404688e-01
-3.746176444946791029e-01
-1.776892955525892104e+00
1.022190573323977558e+00
-1.425907064920744483e-01
9.598810646097172272e-01
1.637740749584144728e+00
-7.289500389913102785e-01
-1.490903932038315227e-01
9.234382414350426060e-01
9.379763642322608286e-01
9.433257457355025410e-01
-1.108054201681375472e+00
-1.898913155012202036e+00
-8.848819397526014319e-01
-8.424766948527243615e-01
-6.798760769077164534e-01
-2.101286055102190797e+00
-4.188284662059077457e-01
-8.166270497817874618e-01
-1.125548440660328442e+00
-9.854548237954451340e-01
-2.122135573863900060e+00
8.468555902529765200e-01
-2.990261942973775344e-01
-8.306534454422858094e-01
-7.482767387351184629e-01
-7.728675700478802035e-01
-1.039410763981390540e+00
-9.511359925801936566e-01
-8.940227087899359493e-01
-1.899537420804004118e+00
-7.676627466424965629e-01
-9.435354231160106853e-01
-2.042027793231490751e+00
-2.184630174171068584e-01
-4.200014523758479612e-01
-3.947147003483162941e-01
-6.734248512503343553e-01
-2.484353986156494776e-01
-8.477203383773453949e-01
-1.994527641267678675e+00
-4.071655890535076927e-01
-1.803847920638018965e-01
-8.991780036194565451e-01
-1.725595901042053237e-01
-3.165156897644980094e-01
-9.042096387233269361e-01
-8.753102265627272782e-01
-4.606092373505868420e-01
-2.185799270230655844e-01
-2.100383411648918119e-01
-1.596780570938245658e+00
1.909000264737253059e-03
-5.416049315405494502e-01
1.479699802240897366e+00
-1.650655236272543291e+00
-1.849886665892802595e+00
-6.449345989786154920e-01
-7.066647628787541269e-01
-2.171742985240469603e-01
-7.434927369435679889e-01
-8.206373873470669267e-01
-1.809641242181547760e-01
-4.089283970658934009e-01
-8.106247820004378601e-01
-7.955269329405429968e-01
-8.091211480162943115e-01
-8.559455987677028199e-01
-3.868450321063663377e-01
-3.943286292423234252e-01
-1.417446877259450344e-01
-1.225187000557794725e+00
-1.988701430780606960e-01
-3.737202845185605415e-01
-8.144164041591772651e-01
-8.286722902796804791e-01
-8.531651801716404471e-01
-7.741831001764977183e-01
-1.939398325885821339e-01
-2.831846637861483162e-01
-2.043035384334643267e-01
-1.985574230160050968e+00
-8.891910676256348234e-01
7.543433369962708468e-02
-3.340676699298759933e-02
-2.156608992755197018e+00
3.938552142403841001e-03
-7.912484399248778111e-01
-1.988502130906220633e-01
-3.773214047957920009e-02
-3.410413126645779336e-01
-8.834091146937371741e-01
-3.098505677960596283e-01
-9.180287525832455664e-01
-8.060593742386098493e-01
-8.263951365072446098e-01
-1.057737934925888634e-01
-8.958177005611805965e-01
-1.388957470814617956e-01
-9.567198635184996636e-02
-4.036770566481902578e-01
-6.801259718532580711e-01
-4.119917576956596550e-01
-9.664948232540756523e-01
-1.599904025770409799e+00
-1.758978305050754365e+00
-1.990959536546268005e+00
-9.995450524314367646e-01
-4.800185315343841186e-01
-8.967801823833095876e-01
-1.228897795861891296e-01
-2.018495766251856421e-02
-3.924346518497000558e-01
-1.079233023850634021e+00
-1.428863484663442096e-01
-1.620126326094364355e-01
-6.542231873607103898e-01
-3.234302612382103370e-01
-2.048946531512736424e+00
-2.696370800348184993e+00
-6.578588404234819720e-01
-1.902530440648574794e+00
-1.156281999043091008e-01
6.855334641564828427e-03
-1.591937995333353006e+00
-9.995270107737916909e-01
-1.972591172751727434e-02
-1.735340723926160900e+00
-1.316940846674728161e-01
8.491225526275779367e-02
-9.878889269346807084e-03
-3.867798667154735415e-01
-1.144076933484490244e+00
5.178278513980204556e-01
-1.016683657606496149e+00
-9.579338081964230422e-01
-2.054263142624098926e+00
-2.943386296597564900e-01
-2.034017578498480194e+00
-2.839656558754058424e-02
5.183068809049807407e-02
-4.929066096895504678e-01
-1.242154771486835285e+00
-2.582090567540853421e-01
-1.015323944761344244e+00
-2.044976318909998980e+00
-1.235544316169395751e+00
-1.880465585019190478e+00
-2.222992539232698239e-01
-2.693828468743654780e-01
-8.056703690169859655e-01
-3.441757054634577151e-01
-1.485416883024007095e+00
-1.161333360750392174e+00
-8.125896638601310951e-01
-4.827461170217208775e-01
-1.538557766088499035e+00
-1.856943573078070786e+00
-3.242463939898752867e-02
-4.638652892961092622e-01
-4.194587411688257550e-01
-6.363235349659518425e-01
-4.495811626834221586e-02
1.407333539596199341e-02
-5.620094169413313301e-01
-1.750647236339136326e+00
-3.541075759561836400e-01
-8.855605187513458931e-01
-4.096152061320544879e-01
-1.502313277060521868e+00
-8.589481894178995214e-01
-4.496401115276631444e-01
-9.557545486235167198e-01
-8.947681989426750082e-01
-1.034936295744611906e-01
-1.755454509596556245e-01
-1.933216730087976121e+00
-4.220414065699508166e-01
5.063986727316439201e-02
-1.613016673583451965e-01
-3.914802721070587688e-01
-1.784106908466661645e-01
8.069001931688432050e-01
-1.638752121788369653e-01
-8.426732042907290887e-02
-7.670228744463596093e-02
-1.767842307528492141e+00
-2.878904371596966993e-01
-5.788479652592275204e-02
-2.643268936005950809e-01
1.047443557835731204e-01
-3.536367677564157264e-01
-2.197026599072109954e-01
-1.213820363964067117e-01
3.082337708648359362e-02
-4.392528276019719291e-01
-9.956891463523606101e-01
-9.127551517378347523e-02
-4.661780622901126603e-01
8.416255725300891832e-02
-1.800182779065477578e-02
-1.200735013052535161e+00
-4.632760253522828775e-02
-6.781272342269893671e-02
-4.757312244121523759e-01
-4.059504339331493905e-01
2.827084307444541200e-01
-2.593437238874943263e-01
-3.649060810387826370e-01
-3.438623709657601668e-01
9.199559893289405155e-02
-3.711646989440357536e-01
-3.234018136377471708e-01
-3.684079540529285879e-01
-8.012685284260012697e-01
-4.069659751540640746e-01
-9.135832353652747484e-01
-8.579223708106497037e-01
-4.883204046809375143e-01
-8.678326163253759565e-03
-2.051667765773347529e+00
-2.209976201703256204e-01
-2.921213502375857862e-01
-3.130073952116860792e-01
-4.455082380609162729e-01
-3.228979819382047367e-01
6.883788974670992378e-01
-1.637103252853298607e-01
-4.326584807705648461e-01
8.897771947665587128e-03
-2.089727207026412348e+00
-1.890933354971204849e-01
-1.449854168832999557e+00
-1.084236029665190060e+00
-2.929700307801014203e-01
-9.327974210283491718e-01
-2.071288694431269395e+00
-3.885481814335263184e-01
-4.137689315342378549e-02
-1.304926900574681303e+00
9.528760449566499313e-02
-1.236168493147695446e-01
-6.574912245274461275e-01
-2.575167088684237604e-01
-1.556925829564876629e-01
-2.145840759375321483e-01
-2.108696362046328168e-02
-3.245740539718368622e-01
-4.511452984453319104e-01
-3.684351172162610155e-02
1.100690354608105381e-01
-1.824877312652386230e-01
-2.457196009433055828e-01
-1.111437612808418907e+00
4.124169369779794730e-02
-9.147932657231946374e-01
-4.838626570743748689e-01
7.143806834904170566e-02
-3.098857554017473981e-01
-1.207061786642001699e+00
-1.065082317975486914e+00
-4.471676253511173149e-01
-6.160934726893797508e-01
-1.016124282534064394e+00
-1.554802380160833497e+00
-1.808209224069667886e+00
6.367234078249488227e-02
6.050941155798978954e-01
-3.717688778328574473e-01
-1.605559983288507464e+00
-1.117156002040728957e+00
-1.912480272400548242e-01
-1.138949543723281194e-01
-9.365217025709217102e-01
1.811631367033208484e-01
-3.828039882459370324e-01
-1.801132725919081912e+00
-1.655750083038446396e+00
-1.788948383293296862e+00
-1.028112371633967292e+00
-1.150271738359022855e+00
1.572654673689586335e-01
-3.465491756996572081e-01
-1.496155770129921070e+00
3.048786254616702579e-02
-1.130284309029744527e+00
-1.892042827018018736e+00
-2.971698187997346974e-01
1.730157877866136951e-01
1.059761170049079437e-01
-1.090265055714053632e+00
-9.736378668766842992e-01
-6.567047793789321242e-01
-3.018967003413786099e-01
1.409852510379236423e-01
5.643198837486205210e-01
-3.868056861587099715e-01
-1.060630183265717452e+00
1.267218199389398212e-02
5.592462858208397530e-02
1.286643744081581164e-01
-2.542829731101090562e-01
-3.167369185974095447e-01
-9.551657465136381697e-01
8.764930116080413280e-03
-6.964041711434660990e-03
6.988082396847193623e-02
-2.207958498085434762e+00
-1.082636694711900605e+00
-1.175902739363747784e+00
-1.166585327277558815e+00
-3.467852361249369048e-02
-2.316240536427867647e-01
-1.824504204877853475e+00
4.937226205168365051e-02
1.028216004025521435e-01
-2.424811875205838685e-01
-2.889595251971858736e-01
-2.881137006122981847e-01
-8.336465399529271458e-01
-7.669777781678874806e-01
-3.030277471216230034e-01
-2.107111988715418549e-01
-2.293930164655781034e+00
4.179174711006435339e-01
-2.625018818206952820e-01
-1.604553487167421189e+00
-7.140040817861659228e-01
-2.225313333398745153e-01
-4.145888139835408048e-01
-1.296790321396873447e+00
-2.349040849452410928e-01
-6.711846336470309593e-01
-1.401861658414032541e-01
2.250080301686427087e-01
-1.735636889031747510e+00
-1.672156467832850435e+00
-3.211852850560126260e-01
-5.186489616870074704e-01
-3.937681734173256176e-01
-2.403148828886300381e-01
2.432607742586971322e-01
-1.991665043776380539e+00
-1.563064013111713280e+00
-1.264569585199130319e+00
4.437887024824976878e-01
2.187874314979637025e-01
2.448799832430586798e-01
-1.035757876039609338e+00
-3.494158073398494491e-01
-9.967332191959564769e-01
-1.494789674781957345e+00
-3.116120035056421655e-01
-1.374902957546132454e+00
9.079251768608508355e-01
5.071364339189556869e-01
-4.070888409604356828e-01
-3.277857238798058126e-01
-3.626743169109662435e-01
-3.047766310991943395e-01
3.468927394299124445e-01
3.237224077349371565e-01
-3.239507141454054939e-01
3.297915045622963337e-01
-3.600868974602595141e-01
-3.693653841323485953e-01
-3.353088709811568036e-01
2.864444469842318819e-01
-5.386135171710301206e-01
-9.845113655040330092e-03
-4.365165051878251434e-01
-5.577611614025705933e-01
-4.163207606892180834e-01
-5.319809898840062168e-01
-5.325179686614688324e-01
1.340781283704876869e-01
-3.421973845143155279e-01
-2.298566836917270984e-01
-3.703091896070065392e-01
8.500180247219246699e-01
3.950664090217632235e-02
-2.975988459083310847e-02
1.000723808514974777e+00
9.410182618166049728e-01
8.259129038614743124e-02
-4.541566063596087499e-01
9.891081734841838946e-01
2.179392950031523724e-01
-4.558457259887070401e-01
3.880746797616555499e-01
-3.692467464778632080e-01
8.071385592295184097e-02
-6.198432755571561259e-01
6.211155995994525059e-01
1.679070999574132639e-01
1.032637025489972382e+00
-3.896114661931336931e-01
-2.570507873144201039e-01
3.396847216951374149e-01
-2.457907834033942751e-01
3.598324525784187822e-01
-3.138348618641905174e-01
5.664383967295707478e-01
4.519503797979941839e-01
6.255310400505276203e-01
8.179693877251694722e-01
-3.337120312727602789e-01
-3.438106853491385007e-01
-1.673876237955386759e-01
-1.895815880723676350e-01
-2.859098026718853158e-01
2.117625454557893749e-01
1.152415973377468372e+00
1.150103882892237417e+00
4.677839562254532818e-02
-5.356127322717165601e-02
2.981932217272957319e-01
3.897500737339680832e-01
-2.477765518306132564e-02
-2.608035554020584623e-01
7.660476969653792212e-01
1.597103693681710401e-02
8.556672582001294547e-01
-1.497070559254349176e+00
-1.374485388651939255e+00
-9.386737888471630153e-02
6.817787805895498821e-01
-2.628547563063946546e-01
2.985278118604246522e-01
8.336569598062569530e-02
1.210827403076462083e+00
-2.232499040712761784e-01
-2.514635500019992698e-01
-2.273282574407253231e-01
1.182787566780209243e+00
1.200217905138252439e+00
2.320445874948180165e-01
1.224119079328710002e+00
1.228702289883816468e+00
-6.049609959062185460e-01
2.082171507040943004e-01
-2.635756879955758469e-01
-2.717220336441194539e-01
5.405244467240397643e-01
-2.033277137360108844e-01
1.521320785897363470e-01
8.411744003129975056e-01
-1.766045335651785786e-01
4.802397009280705009e-01
-2.824409137425567540e-01
1.120392145948932772e+00
-2.640756789210705335e-01
1.129781328263286921e+00
1.247563790836111020e+00
8.807656538152437431e-01
-2.313873524342474619e-01
-1.322697307911039122e+00
-1.637349583473566073e+00
1.114568559713748908e+00
-1.751622731760325569e-01
-1.185736144530404879e+00
2.114574457537273244e-01
3.131985870518325110e-01
2.475018133890098671e-01
2.574394414428864963e-01
5.023819774328697196e-01
-1.288484374358973117e+00
7.936624130113415498e-01
-1.842896143878752224e-01
3.245572236280099276e-01
7.369441434568767546e-01
2.685171496937668323e-01
5.407327332560944999e-01
-1.323732808802437211e-01
1.452064433397039500e-01
6.565444912209499329e-01
2.632438198337833657e-01
-1.384819662281854713e+00
-1.116991763317399355e+00
1.036249619989126014e+00
-7.247176461147134541e-01
3.112023396228192351e-01
8.636812934148422327e-01
3.954410538945210551e-01
1.098341561887677953e-01
4.612913313002377502e-01
9.797900630396974009e-01
1.086504546280550931e+00
4.500031174666069833e-01
-1.956034493395832019e+00
1.002461442258860247e+00
1.251006144124907626e+00
9.579672705649202591e-01
3.403043833609416535e-01
5.268332102889110580e-01
4.148989732741013015e-01
4.410084139848838292e-01
9.487381753191888034e-01
5.688107011538099389e-01
8.103562295130246618e-01
3.760598619582524726e-01
1.258798378681096786e+00
9.472374202444243663e-01
1.054584570139633026e+00
1.200344553515416912e+00
4.933630130854732010e-01
9.333873625067029556e-01
6.081304168506008745e-01
6.567917156140957724e-01
6.091004099519787829e-01
7.262445635721834769e-01
-3.511990783976728370e-01
3.256718030878208991e-01
5.869012691704291740e-01
1.254076265271028445e+00
6.266568705576927023e-01
5.391937856167795529e-01
8.945431282779430227e-01
1.187317011039367376e+00
1.141054801192411539e+00
1.297147651375169186e+00
6.479559972627150222e-01
8.723045665191284659e-01
-1.968182805980369432e+00
1.218246540077508877e+00
-1.858202892274751994e+00
1.354820148740095043e+00
6.880949098707043188e-01
1.183669775408909164e+00
-1.059594820826096351e+00
9.869164384937650913e-01
6.565847104723916416e-01
6.351774913317752569e-01
-1.709444250842936830e+00
3.103630388943409701e-01
-2.112007569588227884e+00
9.673833724095398656e-01
7.759824940374094870e-01
-1.935967700409629177e+00
4.937214023238707394e-01
-6.070303913763810399e-01
8.557318001851688116e-01
1.871026400942478185e-01
5.942860067165833815e-01
-2.002605385742350030e+00
-4.620882215511589175e-01
1.063452056805234358e+00
1.122591988481117964e+00
6.884793529087158692e-01
8.012503950062580538e-01
-1.181174903759898420e+00
9.204963322941155379e-01
1.284076280111004831e+00
-1.721689398400559678e+00
6.310212051107593201e-01
2.188544075793324439e-01
3.199865110006893665e-01
1.299849832343729084e+00
-6.319150847973343810e-01
1.289180805711853006e+00
6.417563062046643951e-01
6.098668205174337942e-01
7.258675421774530845e-01
8.004471940302199107e-01
6.109681232893900971e-01
1.269074641040113027e+00
6.289306136710093309e-01
6.517574679422949435e-01
1.182385503400447790e+00
9.981405309697218842e-01
9.852411162758351049e-01
7.393948954852646027e-01
5.616618678488906058e-01
6.580554245465283225e-01
7.811976568607954530e-01
-2.173313762215066447e+00
4.834605590953421350e-01
8.493256093579932831e-01
8.162119654895767518e-01
1.132610423755721296e+00
5.502033955361607109e-01
-1.339084102869222859e+00
-1.843298907832995104e+00
9.136623263716540100e-01
5.693096059960758293e-01
1.314514045387181307e+00
8.442104526275171494e-01
-3.265307645262873204e-01
1.307819546625359708e+00
2.490168813923562541e-01
7.741644476579278011e-01
2.771795019094874246e-01
-1.615820290966579975e+00
8.843539921826166772e-01
-1.020016344085680066e-01
8.936842195287033608e-01
3.086300572731787706e-01
5.055520780201286923e-01
8.920174192575655026e-01
-4.496226994038235447e-01
6.663117211131046602e-01
1.096420672611067904e+00
6.409871953146166756e-01
5.923623934415768177e-01
-5.175496687426118791e-01
9.259909056881641121e-01
-1.836243053881056353e+00
-1.879062637310288331e+00
5.610539732244347322e-01
9.366038437780958015e-01
1.157391289737811135e+00
6.358943156137088215e-02
-1.273208748042173655e+00
-6.177239247773309572e-01
1.113895252793520863e+00
-1.812211401458548643e+00
-1.531042304233072748e+00
-1.580187602464830254e+00
7.311050997285258868e-01
3.587803956787897208e-01
1.010995381961674600e+00
4.446860955538170512e-01
6.102940211150021943e-01
-2.319057099764822549e+00
2.797591825442417024e-01
3.179652197897855914e-01
3.870895388625973377e-01
-4.000615025729936658e-01
2.005595148871625599e-01
2.147250826557761116e-01
8.158748644033037012e-01
-1.417147363892243828e+00
5.297327460859514447e-01
5.351024728252424811e-01
5.373697675383302119e-01
-2.186097502238113943e+00
5.263526301529477536e-01
8.824324300607366833e-01
5.220903600783166620e-01
-1.935101159983168007e+00
4.496846068621965786e-01
6.027643641063836766e-01
1.298771105178252672e+00
-1.541722037508300502e+00
5.809998006284339267e-01
-1.567297803891670060e+00
5.728907025321614555e-01
-1.600314335153911305e+00
1.017502222706728299e+00
-1.602946212106480361e+00
1.367413094045632604e+00
5.415923680822061215e-01
-2.240563134001510637e+00
-2.263640447628926466e+00
-1.345624656992521873e+00
-1.616631123978468976e+00
-2.325434594652901588e+00
-2.293552108728780237e+00
4.179557080966235794e-01
4.203790323992814271e-01
-2.225841235830305465e+00
-2.318759754653676897e+00
-1.415238091379139140e+00
4.094340694028547611e-01
-1.547128977101784875e+00
-1.608619665781324537e+00
-2.689900747459765817e-01
-1.776333013548050843e+00
-1.607327772975583935e+00
-2.363784592406170226e+00
-2.341322410366475371e+00
-1.778796125727453603e+00
-1.171390685628307171e+00
4.127236156712086323e-01
5.613618384654003313e-01
5.025683862614809261e-01
-1.487784899906967162e+00
3.888672180193352701e-01
1.322786825955606926e-01
2.869528613095959635e-01
3.663145113763935923e-01
4.955526923130766925e-01
2.593257408112203954e-01
3.685965304588969538e-01
-1.530745694240652544e+00
-1.783933344766676310e+00
-1.790797030132300405e+00
1.756621157908215269e-01
-1.769900687136685136e+00
7.193663689520977123e-01
5.711874143482328359e-01
-2.101150268821492695e+00
-2.283961045356404096e+00
9.170569196624358543e-01
9.430143988358566931e-01
2.945762911555693253e-01
9.153264044550899481e-01
4.646418322505787013e-01
-2.399804171819336585e+00
1.303507287833411965e+00
2.776615571177073472e-01
7.244260997491391851e-01
-2.388719788213017559e+00
-1.979234373927954316e+00
1.306704212421601508e+00
6.310911540646872986e-01
6.926390213658544237e-01
-1.296185735882501855e-01
8.308438395553650047e-01
6.228823071484697327e-02
1.349668328520680360e-01
6.065615722441467517e-01
-4.319160058591463569e-01
2.522525815793977277e-01
-2.075551702234221363e+00
4.815424943920567080e-01
-2.050591903515283754e+00
2.617042055358284047e-01
1.714451395512535115e-01
1.431740297643706139e+00
1.659239559360659588e-01
2.249533559826638607e-01
-2.201213972800779128e+00
-1.687406864667618800e+00
-1.794910591849583570e+00
5.032241188285792033e-01
2.250485061765362949e-01
5.529501152091635952e-01
3.347622780575087442e-01
2.894128592669790723e-01
3.363767626553982315e-01
4.754556903686574243e-01
-2.145700555459463033e+00
2.737148159248135038e-01
7.210524822110460086e-01
1.013158922658643046e+00
2.402721656976856690e-01
-1.470246999901443363e-01
-1.438838210997850142e+00
2.610637947430766159e-01
1.007458126455063940e+00
2.716865452465294650e-01
3.029985307695893804e-01
4.802197934465896045e-01
1.559358521547767662e+00
7.680450701904479871e-01
2.037578470793316998e-01
-1.593774768477557835e+00
6.624672414714981583e-01
1.360172219951183425e+00
5.530199528432094835e-01
1.555557212143416912e-01
-1.077408609986070687e+00
-1.431111686040950959e+00
1.581967655769462855e-01
-1.394062180950974117e+00
-1.632057551612195123e+00
-1.893527567291350133e-01
-1.633579470195003491e+00
5.958012100535060585e-01
1.251183477898812013e+00
-1.508823018975339991e+00
3.950071392255207203e-01
7.590917022330534447e-01
2.551693504637735366e-01
-1.205366153188081269e+00
5.045810491646705032e-01
1.467783493791911642e+00
-1.916638906822619504e+00
2.552097895648155479e-01
-1.569076558498807561e+00
-1.602477588962437416e+00
-2.070340604190199940e+00
7.449246138338194712e-01
-9.654992516762010979e-01
-3.319054048435949866e-01
6.827090994829366766e-01
2.384028181897376863e-01
3.805323860307184836e-01
1.759185636469704217e-01
1.197370883797749946e-01
-1.220554494984018801e+00
6.717037748779999262e-01
4.696391468394856550e-01
-8.747041144517513356e-01
-8.057018492230553219e-01
-1.318106819560923348e+00
-1.388648097144943083e+00
-1.325832446391514097e+00
3.604189781410799265e-01
-1.938405262737313284e-01
-1.725916539370797587e+00
-1.352761785840285835e+00
-1.321735311438210658e+00
7.385547071651183959e-01
-1.800717349419379776e+00
5.566369832239579374e-01
1.690304416517686426e-01
1.511801539580084897e-01
-2.102309384665030478e+00
3.788338956528998214e-01
5.388988541610150174e-01
-1.326364561476505166e+00
3.369142470770125075e-01
-1.218887291882188029e+00
7.864484372465236905e-01
4.038459658724951051e-01
5.297783047838506842e-01
5.881296754319498971e-02
-2.042945841892277681e+00
7.185244963442403154e-01
-4.783395817278188189e-02
7.749177913053302280e-01
1.719563564235853381e-01
1.683744545323662134e-01
-5.073034786985277517e-02
5.959331366343093572e-01
-1.285045045112580109e+00
-1.276411037805491144e+00
-4.507546388069481047e-01
2.317654525786243258e-01
-1.574853089781061755e+00
-1.158795328402699720e+00
-7.885490741912871970e-02
1.278758389854217081e-01
1.624464106620366610e-01
-1.164166542044566821e+00
-1.971261612342699310e-03
3.328087117249098892e-01
-1.568600586448252177e+00
1.577948683390570372e-01
-9.407963192196842905e-02
-1.383954507620849261e+00
6.021554907527625344e-01
1.332415016392719254e-01
-1.151680145351215767e+00
5.367207555345490100e-01
-1.130505004913491707e+00
1.093408950798321899e-01
4.845047919924690971e-01
-2.616540845139152527e-01
1.343033387723599204e-01
2.843436624603841167e-01
2.787883580837055009e-01
5.558709514077213587e-01
8.084219563142688858e-02
-1.101384077541035289e+00
6.180833725410161961e-01
8.164872056805058120e-01
-5.524211262526133037e-01
-2.507312480374124797e-01
-1.113129393639005649e+00
-1.127475724175546201e+00
1.158317937585187085e-01
-1.805230465160548858e-01
4.870323137541772707e-01
-2.666294943957393526e-01
4.721888618776771129e-01
5.666645337610656252e-01
-2.858112794631348028e-03
7.252182614515321202e-01
-1.964968406187045935e-01
-1.104068413121351622e+00
6.047741777935138341e-01
-1.005478425049304514e+00
2.155917400707212939e-01
6.991801022059615511e-02
5.450521809741324386e-01
5.123096301072653791e-01
7.409195906259692654e-02
-9.175586267285631425e-01
-9.283590503796910198e-01
-3.233169465179832613e-01
-1.038108720006124086e+00
4.512385287358541830e-02
1.971808807761805671e-01
1.378526565326113618e-01
1.823786427728800175e-01
4.074359991018101645e-01
2.257290664456198526e-01
6.983594839357449846e-01
-1.973274862711797140e-01
-6.547646679922907165e-01
-1.638939112352706673e-02
-1.070278731342438228e+00
3.667877400815718059e-02
-5.063475000038603069e-01
-1.659360764555581236e+00
-5.378645806521500927e-02
-7.441534091032678822e-01
-1.807562029954640215e+00
-2.933132052636875375e-01
2.226165900274328369e-01
-9.908754545390054957e-01
5.863742974967449673e-01
-3.001153316843653274e-01
5.663548906058506888e-02
-4.212370959011629834e-02
3.589826201791988525e-01
-4.382795031008218656e-02
1.342242481642408336e-01
-4.503020267244946945e-02
-7.096266720590362898e-01
-4.042899564031539050e-01
1.503321080495153006e-01
-1.092115675099178534e-01
-9.142858802517361827e-01
-2.075616010011846757e-01
-2.970172479350929873e-01
-1.548466777439825082e+00
-1.569915474662711974e+00
-9.394466933658132124e-01
-3.786499615602689217e-01
-3.452893883292375288e-02
3.325239116056569882e-02
-5.497385261293773473e-01
5.514045473049768997e-01
1.376016155075568681e-01
-1.139333400814818154e+00
-1.109898875858600809e+00
6.073213823649629139e-01
-1.052744901259892174e+00
-3.881591404987200233e-01
-8.155465908856611712e-01
5.757928038572746043e-01
-4.505812787500275141e-01
4.839905204909535907e-01
-1.615997395370348588e+00
-8.256543950082964045e-01
1.142848270583015774e-01
-1.061781028336282739e+00
-9.888604527230535068e-02
-7.778936754338439119e-01
-3.280227378016850048e-01
-9.702246322277472412e-01
-7.985756669426755106e-02
-9.995021267987751479e-01
2.897775179024657533e-01
1.659273019730669874e-01
1.523250557613115286e-01
-1.833091113107198744e+00
1.254439390460518888e-01
4.736572828986365669e-01
-7.428393446110659326e-01
-1.263493338446688208e+00
-1.521539607465907107e+00
-9.292212891401714359e-01
-9.114217843534928587e-01
-9.674589833412481354e-01
-9.834989869218501157e-01
-1.137323957451735756e+00
1.149795346389400341e-01
1.395061394075020056e-01
3.687543262010921641e-01
6.096882324255920027e-02
1.938326287764707001e-01
-8.633161610892846338e-02
-1.057701592930001405e-02
2.578301524999407901e-01
-1.206151315313500838e+00
-6.293830694209401333e-02
3.382370465984415042e-01
-1.262391510046036447e-01
1.107560773177391766e-01
-9.925084898755588692e-02
-1.550438997766124816e+00
3.051851615102935122e-01
-1.092568082214777858e+00
-8.764173076250737493e-01
1.366801071146786783e-01
-1.179881902358475454e+00
-1.364683232485121245e+00
-1.195747655165448009e+00
-5.806446707487676606e-02
-1.267994424065991277e+00
3.666924819050474404e-01
-1.294199999818069546e+00
1.403563007278537667e-01
3.680838917399509302e-01
-1.093835807459978104e+00
3.564746588615768097e-01
-1.780726175976063308e+00
7.380876707469025133e-02
-1.267776466304779470e+00
1.015184399309920105e+00
2.304501036707850004e-01
-8.941506232012981226e-01
-9.252231019732364281e-01
-1.147979350822804445e+00
-1.601609960679109268e-01
-1.171783400432255817e+00
3.653225963477481075e-01
5.846143771800799138e-01
-6.935613190808483930e-01
-7.661809622590624036e-01
-4.235291848465647102e-01
-1.291462390702890595e+00
-7.043533618270516605e-01
3.392963394819370482e-01
-1.611255084584794495e-01
8.250760621341934886e-02
-1.392663415577524377e+00
5.692871725377967040e-01
-1.972267447309925537e+00
2.311211352045830503e-02
3.783977938636209903e-01
-1.128774140365085721e+00
-6.940753808887434317e-01
-6.940876283294028504e-01
-1.652875240135421198e+00
1.681640551813745610e-01
2.353242099565148460e-01
7.794195176304248573e-02
-1.864385341093585946e-01
1.111172308389844626e-01
-6.008188713475276499e-01
-4.182885730205710556e-02
7.467241685909558058e-01
-3.387368557326982388e-01
-9.217538419233555214e-01
3.148405505973708718e-01
3.216430402624652629e-01
-1.143214871843998504e+00
4.003621708931801582e-01
-1.021887226366897883e+00
-1.180068088781162094e+00
3.624134224703726148e-01
1.526030326713707086e-01
4.052637154435651534e-01
-5.818182103069067246e-01
3.241942968781844070e-01
1.172859092824723559e+00
7.352854498558675234e-02
4.228616533105621911e-01
-6.400455839800627267e-01
-1.240495171778623479e-01
-2.239783602754886083e+00
4.859348633156934105e-01
7.220571253691004943e-02
-1.147299235407538198e+00
-1.099426739134125475e+00
-2.344414324841809005e+00
9.304863022680646134e-01
-6.041410076300964827e-01
-8.727687181703810415e-01
2.552083315549190656e-01
-8.424588258970429067e-01
-9.295503072194424288e-01
-5.366165844411504571e-01
-4.822566131715634308e-01
-1.360343525127373221e-01
-9.691794477154808130e-01
-1.486621957174188546e+00
-1.402050959320494838e+00
-1.157250990721805817e+00
-1.136851030957412689e+00
-1.161178831194106476e+00
1.160338713987380116e-01
3.037975144281520046e-01
9.358670775070325742e-01
-1.394783353620621558e+00
4.149471112607037715e-01
3.746120491236092365e-01
-1.215332122750329424e-01
4.031935909777194516e-01
-4.891730544628769550e-02
-1.127181231008944184e+00
-1.155825370959807197e+00
-5.939806354929300092e-03
-1.126206285361298853e+00
1.757438035201441817e-02
-9.538267601773818549e-02
1.384829394818604120e-01
-2.135420719291216407e-01
1.376736188939498007e-01
-6.150311597500829341e-01
-8.105531130006754514e-01
-2.447176040557677290e-01
-4.767869268458934523e-02
-9.272471543707040409e-01
-8.830978911880692506e-01
5.425277260154799386e-01
-1.068843820715991155e+00
3.233960683049845186e-01
3.832887648055872121e-01
-1.156385481995225867e-01
-1.114492252522980842e-01
-7.166659398264899061e-02
-5.717541445989232640e-01
3.747634447291665616e-01
-5.011094333222095853e-01
3.352446451289383123e-01
5.339683533519857805e-01
-9.481992055718138634e-02
-1.343007934594487862e+00
6.651650974048508580e-01
-8.747603894051364515e-01
-1.243064714327437592e+00
-1.373016686603775627e+00
-1.243254562843833580e-02
-6.442744961054269748e-02
2.074230140559610303e-01
1.755258117746927304e-01
5.540818048392191081e-02
5.223377437298560855e-01
2.559796572164008133e-01
-9.023965544133861760e-01
-6.456191278979801496e-01
-5.645260321003142678e-01
-4.786059612843238664e-01
6.184250159483145604e-01
-9.572343788002324327e-01
-9.485640570322753096e-01
-9.121327883483292265e-01
-1.342742436654228433e+00
-4.378883739600108460e-01
-1.145857626737588175e+00
-7.931743874487611201e-01
-7.876360603560946805e-01
8.917744720788433055e-01
7.732393501856318352e-01
-7.684193854170332516e-01
8.166767773557713772e-01
-4.635696104753531110e-01
-1.339321782382287163e+00
-7.539346758412395211e-01
-9.384517205768760917e-02
8.083010977160244304e-01
-4.853397117381130776e-01
-5.349074645810059092e-01
2.540350507462409979e-01
-4.864235197790969245e-01
-9.122085249172687815e-01
3.164982638156668138e-01
-9.650052729838007881e-01
-9.607148697876892740e-01
-1.052148962330676341e+00
-7.675296604275129442e-02
-1.461237613688528114e+00
3.164159239194135331e-01
-6.889170537570066255e-02
-7.917140385923585599e-01
2.533520091767719196e-01
-9.173803861261378145e-01
-6.695021509822807193e-01
-6.289169095710612778e-01
8.741864726762382798e-01
9.433018440999556553e-01
6.303540641964909819e-01
1.621723157367224999e-01
-5.067873382793741666e-01
3.020634653954046289e-01
-7.862547258283464346e-01
-5.201759329813390176e-01
-3.929595477362927136e-01
8.622876302962831918e-01
-6.501228146627726634e-01
-5.431779796640198166e-01
-4.483525952262457093e-01
-4.170834148299616961e-01
-6.332255696627133723e-01
8.525320905057832688e-01
1.618410273481569184e-01
-1.205642237970375952e+00
8.441995767198645639e-01
-5.681940282822146582e-01
6.210080796780814705e-01
6.268990807914456287e-01
9.688884642633375233e-01
-6.440458086800461279e-01
2.746413967408904977e-01
-3.229742762092449038e-01
-5.253787639688992650e-01
-3.654181542125614635e-02
-8.177785259331382672e-01
-4.182080169280126269e-01
7.003718732400743274e-02
1.430059989705860235e-01
8.074045908974156749e-01
-5.376120443599854415e-01
-1.334330109459410441e+00
-8.414694974403016947e-03
-1.387507183405647604e+00
-1.634108577315251720e+00
5.966984367603659356e-01
-8.976833336320273748e-02
-5.885354146704229183e-01
-4.359700980266665304e-01
-4.319438969201436773e-01
-4.446113194411823177e-01
8.200951433102506849e-01
-4.097686896335512308e-01
7.018328863177605292e-01
8.316014316662090344e-02
1.523396584947656340e-01
-1.591620103932438912e+00
-8.332294431835595150e-01
2.277808826315886603e-01
-2.482153406294124454e-01
8.898629731524083653e-01
-8.134902599850984961e-01
-5.932643233854598686e-01
-1.577436282281734936e+00
4.250940965653698944e-01
9.087282235097392524e-01
-1.603152461121068573e+00
1.615365062510465965e-01
-4.405181539686081615e-02
-3.611056586055709783e-01
-1.719254633888942507e-01
-3.384749198511608492e-01
-2.854245108047346324e-01
-2.621723009836069429e-01
-2.542386285242548283e-01
-4.802173570577252804e-01
-4.374646579761513054e-01
-6.810621575889672097e-03
7.118505216900445909e-01
8.380633793890758243e-01
-5.967921880062009021e-02
1.035239829199337436e+00
-7.844828821083645876e-01
-7.825435954402916172e-01
-7.804247803231134650e-01
-7.775807238473125826e-01
-1.337490836414399475e-01
-1.546338802209726304e-01
-7.338319037876193107e-01
-1.318921637117629109e+00
-3.094831753770802552e-01
-3.169751594506807768e-01
-7.210330419207315877e-01
-4.677736697675298760e-01
2.326503160490957234e-02
7.572660766255586706e-01
1.014837280271174702e+00
7.162385336265528757e-01
-3.555110250173149078e-01
2.091647403636726077e-02
-2.701835454167861306e-01
-1.630664832011433418e+00
-3.916888210598305498e-01
-1.879165006275049510e-01
-8.922467454638620676e-01
-4.776936152742226604e-01
4.925119576309274771e-01
-8.100103506948818088e-01
-2.857221285445020187e-01
2.868058834995961259e-01
-2.582174547736310610e-01
7.929156121548679437e-01
-1.718999914305849197e+00
5.895285932731082479e-01
-3.686263383606417365e-01
-5.851314247470348340e-01
-4.754491367462338469e-01
-9.440422617130134197e-02
1.091636006862806596e+00
-3.136959514855786613e-01
-4.380637510190987793e-01
-2.612227523384246242e-01
-3.133087941020567535e-01
-9.764701316022960098e-01
-4.794263921241284088e-01
2.195011830023350652e-01
-1.398276990934920860e+00
-2.159556862812200828e-02
7.386861302135350194e-01
8.066301060020236724e-02
2.434566439897630497e-01
-2.956830465837435584e-01
2.094436037677540607e-01
7.129106862006865386e-01
6.155311580682732986e-01
3.289218331680006102e-01
3.140484246686489622e-01
2.934157333230246745e-01
7.075714204656814443e-01
-7.738834078348901802e-01
-5.024927056153449811e-01
-4.950322623468428329e-01
-4.919863576855091347e-01
-5.249594462810968087e-01
5.879574700898627659e-01
-3.612426222542516885e-01
6.146351374119535249e-03
-2.694967963478057671e-01
9.694929690284764812e-01
8.684260329003818946e-01
-2.643183773881699894e-01
-2.980976303425952878e-01
-9.927082927612221885e-01
-2.744532140970352696e-01
2.143316439372291438e-01
-5.257782099468085724e-01
-5.260702221741904161e-01
-5.477532463679827268e-01
-2.976613663887022754e-01
-3.004648552815267770e-01
2.243035473729263485e-01
-3.676168716019253546e-01
-2.732606393208446560e-01
1.395623852519342067e-01
8.320231304487469837e-01
-4.392522008875584527e-01
-3.170249382535260674e-01
2.290018092265568295e-01
-3.894715196619657482e-01
-3.392136003483558482e-01
7.986218381887566498e-03
2.156652727104302614e-01
-5.721882112579455004e-01
4.131237022711705120e-01
2.532898854039739578e-01
5.480148078608678697e-01
-5.122595163519918504e-01
3.769433226282558058e-01
-4.291381208562638494e-01
-1.558737965108337731e-01
7.694098825470483405e-01
-2.982283121006684135e-01
-9.452722138102692684e-01
-2.185031815963973112e-01
2.353984841730476785e-01
-3.497091074880813721e-01
-3.243116814302793860e-01
-2.000592595487488690e-01
-3.527774357323168464e-01
-2.957766876668899703e-01
3.863730151686702863e-01
2.024443852261706700e-01
-2.279842317864864409e-01
-3.140653952430055851e-02
1.147147809176038008e-01
3.325747321833231185e-01
1.959665701259247217e-02
-8.035742184356320372e-03
-4.946101937176264340e-01
3.259923627092811138e-01
-2.279434479697120541e-01
-2.951589040510710360e-01
4.223290326863671229e-01
-3.232940682502809526e-01
-8.509960360457013984e-02
-3.607439901760279288e-01
-8.903345991362429102e-01
7.909420861869884689e-01
-7.670332356726949907e-01
3.924023171729482673e-01
-3.389361833015351877e-01
-6.316722099941932678e-01
-1.628913979275500856e-01
-2.263788978832980692e-01
7.962676488277253828e-03
6.972150643702952344e-01
-3.002251825458597256e-01
-1.686701326335731943e-01
-2.128390523332205353e-01
-2.783345677801105644e-01
-1.735768827037795781e-01
-2.954205463509608220e-01
8.607886451707180697e-03
1.082500853588816536e+00
-3.398224460893324306e-01
2.605423539962944401e-01
-3.838689870972940010e-01
2.541197033197833410e-01
1.946082260118228990e-01
-6.716761045718744327e-01
1.447835957987029520e-01
1.013467637911220909e-01
-4.769305451525703843e-01
3.491196162850963569e-01
7.300821307971779861e-01
-1.574291409626069060e-01
-4.385962537456208343e-01
3.146590326721629971e-01
7.406199550487586603e-01
7.165374475070791505e-01
-7.812031661569096563e-01
2.987513503776498269e-01
1.708356221798494612e-01
7.046018298045640949e-01
3.157660355556025089e-01
6.782163218900542079e-01
5.873253807485637745e-01
-4.213654798611317087e-01
5.889501791767144390e-01
-7.875047235042444971e-01
5.961986324026280482e-01
-5.708682021718759492e-01
-7.820930718752107103e-01
-4.281589060235210242e-01
7.006727564464694247e-01
-4.057419026788571248e-01
-3.155352908144316015e-01
3.243090157212686897e-01
2.857937093632015868e-01
-4.010795233661733072e-01
-3.232778336938986752e-01
-5.314645022819772802e-01
-5.222447144443571609e-01
-4.963576052332637767e-01
3.179227571099997318e-01
-3.879973339563439483e-01
1.178061791929716912e-01
1.136759947210532751e-01
3.268321766552197416e-01
3.117940962813552375e-01
6.917694516390245907e-01
-3.020802042698518264e-01
3.769379059276493082e-01
7.452168655939200859e-01
2.488571227758293314e-01
3.538548409590520638e-01
1.479557724529968477e-01
9.555989570299622260e-02
-2.353621247578667475e-01
-5.698888162833248838e-01
-5.589506701958234514e-01
-9.080610660273602530e-03
-2.719256274827692721e-01
-9.309937828766745582e-02
-4.720262217856039388e-01
-1.094796040983782442e-01
-5.373498074790113987e-01
3.704946680806691095e-01
-2.659528816133693296e-01
1.156655346228017273e-01
5.503017176584195091e-01
3.401905031759946962e-01
5.300414221859158781e-01
-4.737491910170686937e-01
-3.685636316319172434e-01
-4.668038491426939607e-01
-5.781121422136749066e-01
-2.152225969826914165e-01
1.062604222871041809e-01
-6.138571066700015955e-02
1.087618999771123585e-01
-3.986762735407016200e-01
9.917021126629537164e-01
-2.735434338185314118e-01
3.408995721649128452e-01
5.035998165131504445e-01
-6.567850416934244429e-01
1.275770752699036670e-01
-1.824871129983677287e-01
-5.037483632790713539e-01
6.788465843125998656e-02
9.704005872861629078e-02
9.349306018879521840e-02
-1.951288586094083732e-01
3.472332186005879229e-01
-4.491054933888745104e-01
-1.898657897706759745e-01
3.376148570311651720e-01
-2.259257813513320390e-01
5.551013307765318983e-01
-5.669919873140241151e-01
-6.578949242982172763e-01
3.079027987703974456e-01
-1.123774864664955353e-01
1.454541661764326699e-01
3.261734112699942734e-01
-2.094918202054901202e-01
-2.362143280608184903e-01
-2.196203884969543663e-01
3.245798709176383468e-01
9.582606114161562605e-02
1.225980122894490820e-01
3.968420068268491141e-02
-1.109119538086237450e-01
4.775669132274493189e-01
-2.090155323100920393e-01
-2.618509577963918367e-01
-4.820800766310017749e-01
-2.300785067121235705e-01
-1.399703990000858544e+00
1.753848380873181678e-01
-6.302861687776293298e-01
-2.352281214170410251e-01
-5.817431970467049629e-01
-5.218217572262776605e-01
3.216736814100421005e-02
9.761258556666221331e-01
7.545243623531111554e-02
7.197403460317236545e-02
1.837886137759309202e-02
2.871301463905712170e-01
2.499416870814765435e-01
-4.841967343472725060e-01
-4.862458025231742864e-01
-2.194990842495561367e-01
2.730692011822860588e-01
-3.344541176130114146e-01
-1.435205854763044853e+00
2.019867909622609370e-01
7.605515080687871299e-01
1.682921603693177115e-01
3.717744627499053323e-02
2.393352514979174561e-02
4.583456251255115244e-01
4.401467683820797228e-01
2.456104225707858579e-01
9.273845665347981715e-01
-3.176980769736760246e-01
-2.102045790644723744e-01
2.596442257608015391e-01
-5.429028864144103128e-01
-4.625773517622590592e-01
-4.893606718208637352e-01
-1.776856105144835329e-01
9.243920502078212253e-02
8.214598827069628795e-02
-6.418972232873403350e-01
9.705494211318246300e-01
-2.149863707906102817e-01
8.805235583186769022e-01
1.057077602426972796e+00
6.825980289335283890e-01
-4.279649466933699298e-02
9.338463168549690496e-02
-1.849520789604804927e+00
-6.652187641053311506e-02
6.100648265627608424e-01
1.042908238329108173e+00
-4.936969249522258352e-01
-2.351217418525329839e-01
9.995364397317740845e-04
-9.372185278363365235e-03
-1.578070373088101275e-01
6.948649559465488457e-01
-3.912564948437655676e-01
-1.935726427154465801e-01
-3.805375641388844543e-02
-1.388557558026274563e+00
-1.708579471952011708e-01
1.753938226936814782e-01
-4.872969768699630388e-01
-7.014227069499746892e-02
-2.249953189904171369e-01
1.925014170528599189e-01
-2.809944915510907693e-02
-2.928235437159565357e-02
8.026988510807409050e-02
-5.278621723013336986e-01
-3.117062390870138922e-01
-3.722513596383349999e-01
-1.343414477277281305e-02
-2.149800453517883014e-01
-1.198646204635795076e+00
-1.259842127379392218e-01
-1.774390114443847449e-02
6.979252992701613367e-01
6.639905510298704794e-02
-9.945800314100027018e-02
-7.314668269587368821e-01
7.730851765969020128e-01
-8.273795188056098926e-03
-4.016223461663624011e-02
7.708847486302958796e-01
1.012256116502167902e-01
-1.275194357355115271e-01
-3.073918522467544712e-01
1.047710100460619298e-01
-7.280055468811846842e-01
-2.481765866188808678e-01
4.825512227982332591e-01
-1.711418125134772372e-01
1.158158090273108787e+00
-3.488216151753464195e-02
7.728723698030555145e-01
1.139888895307444194e+00
6.009800162419097758e-01
-5.549024673651361539e-01
1.109623998232504460e+00
-4.350154114925112725e-01
-1.508393651521079404e-01
4.055372539388334419e-01
-1.116472221359045558e-01
1.671570391316126170e-01
5.155854619514672610e-01
-1.593939632828514918e-01
-9.617304939484407067e-02
-1.426913216782922655e-01
-8.688112593183286436e-02
-1.103433539867008234e-01
1.155922559604326993e+00
1.201340328586802120e-01
-4.079563706318540817e-01
-1.348963586033539164e-01
1.129374590654104615e+00
1.143491661259174313e-01
-6.000244506380691956e-02
-4.986263088140440169e-01
1.416140589554974460e-01
2.319439335837117921e-01
1.043577022899987883e+00
1.491499391674185326e-01
-3.822566360476693514e-01
-1.289591465593107056e-01
-2.454171823720113776e-01
1.019472802975320003e-01
4.973125748229760279e-01
4.185531962740003942e-01
-3.161020595463029381e-02
3.686299948603560805e-02
-4.095712293126727577e-01
1.832216995145684035e-01
5.871285995225116183e-01
1.093812729449967991e+00
-1.006596109938674988e-01
-5.588579529614362551e-02
-5.490011017456261633e-02
-9.855477652224536866e-02
2.787073035874409466e-01
-2.467716787440651371e-01
-2.891745444693039069e-01
-3.044036657831201281e-02
1.173934936534824391e+00
4.508271264688882840e-01
1.086100663565327640e+00
-3.248461680618067171e-01
-1.352170743346563508e-01
8.313082926698140973e-01
-3.246324632327800552e-01
-6.630004592981875167e-02
-1.531391062142961335e-01
-3.002220191732407062e-01
9.320450712996231069e-01
2.199843584036007549e-01
5.344630163454000549e-01
1.380504279715961902e+00
1.092617319011582433e+00
-1.128472767404409272e-02
-2.312830583705667020e-01
-9.637315468591653445e-02
-2.758584705488134614e-01
7.679132625008877611e-01
2.275259603155948551e-01
1.619795527650097489e-01
-1.124010821159691365e-01
1.392247183325560744e+00
6.579756913092064119e-01
-6.249152378606127184e-02
7.094672536758461767e-01
-2.897022006000484762e-01
-6.730226962400197299e-02
2.624456281959070547e-01
-1.554009442343505520e-01
-5.399489960558015444e-02
-2.444803375921931754e-01
-8.139238357354422471e-02
9.945565001983526221e-01
1.792730041319544054e-01
-2.607704802427399660e-01
9.078054165762983185e-02
-2.842111387571046310e-01
-7.207297721080156705e-02
-3.114729423393897134e-02
-3.323411301986040622e-01
-9.997861111172617887e-02
-2.982341442991712221e-01
2.106785070730207154e-01
-2.785366846606013302e-01
2.395024972059175417e-01
1.264380924973231290e-01
7.522579200586297643e-02
-5.452145955339939010e-02
-3.471443460855933028e-02
4.041806136523205528e-01
-2.659364326142793500e-02
-1.069754337061250560e-01
2.093858771651022910e-01
-5.244884589875106751e-02
-2.377829063803491572e-01
7.044733307696990354e-02
9.825449042440754788e-01
6.481781229610331097e-02
9.399019442865068630e-01
5.230538697284531358e-02
2.441641639534032904e-01
-5.148499330145273056e-03
1.226216472891578757e+00
-8.755071236121572675e-02
-3.126387827183705337e-01
1.481122420883267621e+00
-7.921235263016104811e-02
-1.106024245022146496e-01
-1.905826068744671808e-01
3.143740605332906446e-02
1.056027694019575219e-01
2.276434624046518584e-01
-2.473887552710023197e-01
1.772791198987130334e-01
-1.443890120371876251e-01
-1.969563783872590457e-01
-6.239306404383658522e-02
1.808577987377492091e-01
-5.396043542839824153e-02
-1.999984202354962159e-01
-2.102791429535473267e-01
-7.958656946574647895e-02
1.722351807942304802e+00
-2.685674186899895122e-01
5.177989417690691959e-02
1.423117851960030711e-01
-7.631696005701144037e-02
-5.931447330746583008e-02
1.767751452390736944e+00
1.803466862904127721e+00
-1.106431518845659434e-01
-3.254630149730203259e-02
-2.114461456196578548e-01
2.540368770939088749e-02
3.877846777725110772e-02
-2.269575321645872223e-01
-4.598108598342148801e-02
2.221059267359331846e-01
2.184776574811077010e-01
-1.341119121244777335e-01
-7.288862186591336945e-02
1.696526240436641686e+00
2.101159498107694756e-01
-5.978052214790653685e-02
-2.227932860228762912e-01
2.317372340666480901e-01
1.188146261760716804e+00
-2.049565262080288996e-01
-8.257617733895367129e-02
-2.107758458189805950e-01
-8.797083636733718515e-02
3.463723057644135794e-02
-8.362961655726200427e-02
3.777797384538814640e-01
-2.279338681030123326e-01
-2.155742840403498117e-01
2.096336768332451514e-02
-9.824377007649995330e-02
2.378651572145722426e-01
-1.069266912577897244e-01
4.629202755257282725e-02
2.922421269275581879e-01
2.027220765549690717e-01
-1.265113459399161977e-01
-1.204713097082166784e-01
-1.010335179270855505e-01
-1.024271491389344008e-01
-1.619319260209476641e-01
-2.499791388931166258e-02
6.904048782943322804e-02
1.191054673876106307e+00
9.451626842063087786e-02
-1.978679144250295174e-01
-2.250121865210218675e-01
2.754038001127261381e-01
1.683393457323730580e+00
-1.064414094631223190e-01
-2.373010167790483571e-01
-2.374291471672738962e-01
2.804293339191191170e-02
1.979682027264894617e-01
-2.086554768265536097e-01
3.731979056320749999e-02
-1.879636685469393276e-01
-3.160281734221811328e-02
1.798383654349169913e-02
-1.980572399834206188e-01
-9.244624939105802741e-02
-2.174364167890177335e-01
-2.213863765792067895e-01
3.980485670493708605e-01
-2.768856711741633503e-01
1.370634486955104973e-02
2.260627041510098190e-01
5.301790352091173553e-01
1.660421901024330960e-01
2.885959328344444089e-02
-1.249658888666198009e-01
-4.852687201958584898e-03
-2.194387371601879202e-02
5.046808848273199866e-01
-1.435091727484235358e-01
5.297910935493611584e-01
-2.256915581958330308e-01
3.429051870731636420e-01
-2.001560291826067484e-01
-1.062367192914940792e-02
5.102293107593912636e-01
3.691270248077593158e-02
1.564945972650762240e-01
-5.038317261431201483e-02
1.409647294816611440e+00
7.072467305060475828e-03
1.513574369387279184e+00
-2.645425816648744322e-02
-1.765461259794593452e-01
-1.879401670233497301e-01
-2.327314443456082460e-01
2.367691215991201900e-02
-4.401422692726432440e-02
-2.022397642248259519e-01
-1.827710687293343517e-02
-4.786446471173247397e-02
9.336440873359924675e-02
1.384572847543611984e-01
7.797180393665126275e-02
-1.896560359311045829e-01
9.035400799091374002e-02
9.713612333575716296e-02
1.017666225893875120e+00
-1.603847440451601214e-01
-4.075190491769636880e-02
-3.242650528721047198e-02
-2.775792459699882864e-02
-1.805543687486221016e-01
-1.590230367855688942e-01
-4.522093218479664514e-03
-1.808217633981936689e-01
-9.705212686584023529e-03
-1.088669030276595562e-02
8.614427386943224879e-03
-1.229186372752521378e-02
7.055867757798955919e-02
-1.869419890510879978e-01
6.027674792328674425e-02
-9.486459631554311489e-03
-4.974289787802382845e-02
-4.073191753292817324e-03
1.629762129649774127e-01
3.169220930512378631e-02
1.249950074841902903e-01
-1.671119921527299823e-01
-1.090210134046472046e-01
7.434211952897490372e-02
-1.515073485697880362e-01
-1.639892322430436811e-01
-3.273066700893797337e-02
3.664560433692616304e-01
1.346163769915120767e-01
4.501032111378470146e-01
-3.560823015414988149e-03
7.431134145105808275e-02
7.139432614887272766e-02
5.692384777819034514e-02
-5.836558618179943370e-02
-1.608801550201429120e-01
-8.088495180057861389e-02
-6.047129083573396513e-02
-2.332680359588704955e-01
-1.085947665827562830e-01
5.209230886814678607e-01
7.213921333722267404e-02
-1.174843163110799171e-01
5.918502545507495910e-03
-5.589606322956708687e-03
1.007922344785572577e-01
9.933733430194913172e-02
7.205141133815876064e-02
-1.583426894005546259e-02
-1.802595284307107609e-02
1.746139894707473272e-01
-1.514546141905556143e-01
-1.334485906376396414e-01
3.311903011118841889e-01
-6.202773809895148482e-02
-5.664972588552051602e-02
-1.892940901398848519e-01
1.312338694517820370e+00
6.124255114350177220e-03
-8.811847303961391209e-02
-2.345491017318172278e-01
-1.295660501805104281e-01
1.612045187337514118e-01
7.493529255537001443e-02
6.941957595625314337e-02
9.082483965979142038e-02
-1.572413911160253919e-01
-1.588496600466909603e-01
4.482879160625498072e-01
1.217590379391101929e-01
1.106972647477214577e-01
-2.161128451927833705e-02
-3.077367813796570706e-02
2.058609209015557218e-01
4.961184764189166541e-02
-4.933895197861342535e-02
6.862067939049079635e-02
-3.966616959396371267e-02
3.233842609287292391e-01
-1.316587645221346803e-01
-1.661287793283300063e-01
8.275271430999893152e-01
1.204879941766888063e+00
-7.536670541277060154e-02
1.528540127116013725e-01
-6.883019948662633114e-02
1.131200927539435908e+00
1.509563399111634729e-01
9.401155102168837208e-02
-1.171203444866532190e-01
-7.674933915364982873e-02
2.546364686164669378e-01
8.451329475691628235e-02
1.296343201952203927e-01
6.951858752989938106e-02
2.029855859516209449e-02
3.729465722964566132e-01
-7.466336959348124358e-02
7.075940041412269454e-02
3.469341659951419854e-01
-5.396221426436327573e-02
7.989560392909141884e-01
3.000987707594123671e-02
1.024629599986675438e-01
-9.273039054014237115e-02
3.485040018263058786e-02
9.509872256889337905e-01
-7.440737772905040015e-02
1.039608977270891188e+00
-5.360641745979322081e-02
1.268584428579805912e-01
-8.781074634626560849e-02
-1.660058530171099056e-01
-7.811489664912557584e-02
1.092713413717663729e+00
-1.407624228926813992e-01
2.335467336448336928e-01
1.020224048338174372e+00
4.723914365038147101e-01
8.647204495161307791e-02
1.789435359616669829e-01
1.324815419144347306e-01
-6.227444723459441694e-02
1.289201199594798841e-01
2.459388894750008658e-01
-1.231502184620303364e-01
-1.589480778570805108e-02
-9.171143140581450304e-02
7.547199485600972757e-01
-8.449553360542148839e-02
-1.695977974549157941e-01
-2.738860481630028820e-02
3.290258505237832198e-02
5.436456486813174421e-02
5.139354319581736219e-02
2.367152082805752331e-02
-5.913156941159408708e-02
2.237654359931597337e-01
3.862487237990300248e-02
4.076137719398579412e-02
-1.050756317755493774e-01
5.463917740477546303e-01
2.585453057920225062e-01
4.558647696215044343e-02
9.017698893853991482e-01
2.330858637290410817e-01
2.820254190818327067e-01
4.517384420939262596e-02
7.723134234709816415e-02
-1.779829936991383921e-02
4.050506553471891480e-02
-8.735331713298843948e-02
7.271477881112585751e-01
-9.510773638950283104e-02
-1.940196687881275972e-01
-1.413047720861132783e-01
5.964037952725308178e-02
-1.632982842028177783e-01
-1.566777920196439911e-01
-1.797892887848555610e-01
-1.408643659553260041e-01
-1.030599019187448395e-01
4.620340269617365103e-02
-1.491500189882957739e-01
5.380700435830368736e-03
-1.208748059742964093e-01
5.603631218087239824e-02
-1.084776903357855399e-01
4.571401300892475317e-01
-1.446469898538776111e-01
-1.571015225930543491e-01
-1.333695406834055630e-01
7.823541241669403901e-01
-1.895909863420985886e-01
-9.929106617764968390e-02
-1.613043634337394949e-01
6.709811407916432824e-03
-2.142241764480396493e-01
-8.926167195347364802e-02
-1.849942884010757072e-01
-1.505246929477279394e-01
-5.759911695186024916e-02
-2.214874516020559625e-01
-2.285041850231236127e-01
-4.796187994595694365e-02
-1.583373599162814782e-01
-2.795142458228968008e-01
1.253482166643335449e-01
-2.095005905958508274e-01
-1.728974969304489517e-01
-1.641017043575459800e-01
5.237188413199036496e-01
-1.487493658186713474e-01
-6.689443705536883555e-02
-8.527696241368087904e-02
-1.766934161401196579e-01
-1.926979138486537013e-01
-2.050047421971944728e-01
6.040674894417903396e-01
-4.649616235840792200e-02
-2.383858827249193124e-01
1.183524895684645140e+00
-2.364087891244238127e-01
-2.342988291676650903e-01
5.987927983190625136e-01
1.011636240523213326e+00
-1.277459600112432758e-01
2.544877628913450596e-01
2.243060965321179989e-01
1.264197283673631489e+00
7.311015159406935027e-01
3.992756415072588605e-01
-5.517017274589774978e-02
5.278815982711926313e-01
1.182881950831871976e+00
4.588308726785237379e-01
6.084698378086945691e-01
-1.215941429996391099e-01
6.373383921825116483e-01
1.451018355939391880e+00
2.763650479125508985e-01
-9.389284560260412194e-02
4.523408397747505361e-01
5.077624044482186294e-01
4.488508644676713621e-01
4.611171438111317800e-01
-3.907566560156518209e-02
-5.133953860402820646e-02
3.445726393252289688e-01
8.958969574361628219e-01
1.796834772663008783e-01
2.714412113461889819e-01
1.128936866251567750e+00
5.179295331978036598e-01
1.599095110530519337e+00
-1.534170845620420331e-01
-1.575792970759205547e-01
1.977103793515322117e-01
-7.374926422239329316e-02
7.296412590913643470e-01
5.262023355226954635e-01
2.013834410493948179e-01
-1.197760920985708466e-01
3.993526433282689747e-01
5.069676816195700653e-01
1.190966014005220064e+00
-1.767364787043221031e-01
2.547688379138582371e-01
1.481638907539600147e+00
-1.876854576948852951e-02
-5.929434817045510508e-02
-2.699503656318780198e-02
1.498372600086216533e+00
2.910529833019638302e-01
-6.322749740267687157e-02
1.699117346226259317e-01
-3.988628013501046427e-02
7.009101662526303622e-01
1.116205288607931667e+00
-3.524560684314794606e-02
-8.745498041287354252e-02
-1.225251495862706014e-01
1.537283740813689237e+00
-7.854738387000952116e-03
-5.852606967074409916e-03
1.022858896941314100e-01
-1.860361249630558197e-02
1.399909054271098463e-01
3.605438742717307909e-01
4.951112864314400341e-01
1.050416494400008061e+00
-2.313523218747927379e-02
1.555430485872906443e+00
-4.107648413655664438e-02
-1.328088321577434450e-01
1.314180487539075903e+00
2.536143614064472612e-02
1.156065639175410387e-01
1.441843599657673947e-01
5.516083261590350173e-02
-6.178360017109026103e-02
-7.373746912015718968e-02
6.851680942609930658e-02
-2.147134001542375936e-01
3.509104151807821426e-01
-5.590742507477856199e-02
5.781053313389235004e-01
-8.973976620419200911e-02
4.346695832261849857e-01
-1.949513579849715961e-01
3.045009112432897069e-01
8.798156535416956636e-02
-8.152235929090848043e-02
3.378982301920151893e-02
3.134174368408612632e-01
2.154334307110450375e-02
3.261302169243035509e-01
-8.710908668594871673e-02
6.546766464318087841e-01
-4.716192006934809972e-02
-1.518025356028417094e-01
4.835646348689319474e-02
-1.389016261217016490e-01
3.040521856429809766e-01
3.770393467733233056e-02
7.692118193405039772e-02
3.852107840432145852e-02
-1.833376425120440967e-01
3.645725736327815047e-02
4.130690787163451283e-01
-2.376580784953546410e-01
8.302906365550454248e-01
1.790823965778217397e-01
1.195585182808509700e-01
-2.353403563812143107e-01
3.480830380199046448e-01
-1.345601729092634757e-01
-2.031892213699500183e-01
1.115790279826162495e-01
-1.656761994490296985e-01
1.691084905680076689e-01
-1.669009501870198087e-01
4.316843212551774722e-01
5.614005079896406368e-03
5.334793025025564850e-01
9.308711476391356987e-01
1.049751307549262158e+00
1.801249539725629512e-01
-2.276973767899957007e-02
-1.351615633134211070e-01
8.298197288250480641e-02
1.814787716735844214e-01
-2.851152862924627440e-01
5.661196125384153344e-02
-1.768990695583241568e-01
-2.600844318233297980e-01
-1.616972637254536216e-01
-1.907275043710257023e-01
3.000947441797641169e-01
-2.835928088299606298e-01
-2.213903522093068899e-01
5.591815680445937076e-02
-2.839293632919056010e-01
-2.526250454366497644e-01
-3.310635473324827910e-02
-2.634899031138080994e-01
-2.879423993202126497e-01
1.102891619740322460e+00
4.562430564660542309e-01
1.055878237962900035e-01
2.588025636296718140e-02
-9.610128879626385345e-02
-8.625890791140264358e-02
-2.833137035125233294e-01
5.310432399780102425e-02
-2.414253817010698910e-01
1.554531576352468636e-01
-1.901464126207396965e-01
-3.374756270663867852e-01
1.302572995520449861e-02
-1.882747917526146897e-01
-1.058596435089625004e-01
-1.615527649970700808e-01
-1.489887286023546531e-01
-1.231418543237968455e-01
-1.360032918267265190e-01
1.030497605521986659e-01
-2.064568551212233039e-01
1.652640887231892342e-01
1.710013757658780387e-01
4.468748470225478719e-01
-1.946701039775919351e-01
-3.865099135639527006e-01
-2.489411966561407563e-01
-4.312728710548414945e-02
1.376839962826512442e+00
4.188029170417868485e-01
1.914274959761048389e-01
-2.296285286399611658e-01
1.400704565934233758e-01
-3.956558734190924326e-02
1.205036875872382618e+00
1.161867362765396372e+00
1.132622598741579889e+00
8.717391571929123950e-01
8.538859251029216890e-02
-1.225230188696888461e-01
-1.988091266918263211e-01
-5.059759599728564164e-03
-3.123948911276120399e-01
-2.124744739074698741e-01
6.275339742373291750e-03
-2.135025847954686445e-02
5.082365285259410337e-02
-3.607358070329406974e-02
1.233470668425003192e+00
-1.257643948272208767e-01
1.390097673753581065e+00
-1.552479556967599830e-02
4.053689537010460309e-02
3.730019381603609518e-02
-2.889768959772239243e-01
-4.313688946258269208e-02
1.092021860753884062e-03
-1.166971119523645128e-01
-2.947241622372671066e-01
3.335061758331994142e-01
-2.022993085047732342e-01
1.892333335545948181e-01
-6.840875071906836122e-03
-2.286331831645443402e-01
-1.317594014292613191e-01
-4.919129937764608537e-03
1.297194630247794356e-01
-1.449418535200393265e-01
-7.930422831500760078e-03
-9.852257995754008443e-03
-7.077213181389678531e-02
-1.632600393938092032e-01
-2.506175687766964977e-01
9.054441828542780790e-01
-1.008972660819066752e-01
9.197675742566890564e-03
-9.308469101486051278e-02
-2.046199603744263129e-01
-9.586788274033866686e-02
5.760571161521218196e-03
-1.243422119315429342e-01
-2.585277817300039027e-01
3.145217916523572466e-02
1.710022140704137161e-01
-2.593627507096912810e-01
-2.463867356036894829e-01
9.394911590729712048e-01
-5.692818572436705166e-02
-1.046035494668758198e-01
2.375169841962186945e-01
-2.767340521577625889e-01
9.581149848458483387e-01
-1.053979687266087262e-01
-5.572726467280469248e-02
3.118046304013239248e-02
2.814477520185331566e-02
1.296956014005642199e+00
4.033205345915645279e-01
1.376213410558702055e+00
-3.175575314617646305e-01
-1.104411084061089621e-01
-3.824226724829579618e-03
5.825088174682178099e-01
-4.254532602578344619e-02
-3.007284284523825679e-01
-1.095083831328220875e-01
-1.476643191724207882e-01
-3.366682153730397864e-02
-3.487462590538754625e-01
2.543630085225827009e-01
4.130574621146221315e-01
1.833155402418076563e-01
8.442501797431564148e-01
1.340749726680465770e-01
-1.157274122836621094e-01
1.920138293422947451e-02
-5.517717018125350287e-02
2.130485930049671184e-01
3.328155990537536857e-01
-2.581502562948753132e-01
-1.056638546685251118e-01
-1.161794717417184847e-01
-1.159322186180105629e-01
1.096405154673475657e+00
-1.536579412535665490e-01
4.090901155339307649e-02
5.233143280633613115e-01
8.471657503262546018e-02
1.524246636816113110e-01
1.057190186140832600e+00
2.106052113199815001e-01
-5.614868545113014392e-02
6.888885273562143918e-02
1.116042411957864244e+00
-1.825467838655827069e-01
-1.137694350245404412e-01
8.558908270056916900e-02
9.478387326809212254e-02
1.769664399895079787e-01
4.610672422362956102e-02
2.087761695154717601e-01
-1.384951373757337678e-01
4.012026161547892489e-01
-2.387530095497811533e-01
3.504759218144522515e-01
5.872211122426767432e-02
1.055483770610407962e-01
-2.168227459055015738e-01
-2.106680883040213947e-01
-9.941814473128350593e-02
-8.107181064551262362e-02
-5.408026292901128851e-02
-2.315693312918708502e-01
4.442777467567229355e-01
-7.059956008075625455e-02
1.326650348854045980e+00
5.715718104707039338e-01
4.621316509147808949e-02
-1.457033876412013873e-01
-2.653305344940928845e-01
-2.377840789844825609e-01
-7.889101327944084141e-02
6.841884522998940843e-02
-1.653743311622397627e-01
-2.525496083567507211e-01
-1.629438363011436464e-01
4.668033128326522507e-01
-4.320710161341299593e-01
1.053527063143362641e+00
1.198084440827648534e+00
3.748728904843594001e-01
4.841550434337281161e-01
3.577894321030977709e-01
-1.462395437002319831e-01
1.602503392565972906e-01
3.077190429660639492e-01
3.122694870374012055e-01
-1.223311190980447098e-02
3.076154133072300234e-01
8.692973013027222029e-01
-4.623226212560172521e-01
-1.055752753581716691e-01
-1.241090551741495240e-01
-9.613103684828744333e-02
2.153127168054521923e-01
-2.073776759458013236e-02
-8.815989320726035777e-03
2.106596511943321648e-01
-9.280799273583269053e-04
2.094276935719701083e-01
7.904695556279438262e-02
-1.601779035553263231e-01
-1.023676379001367022e-02
-1.014528646108523169e-01
1.292621224662421527e-02
-7.900285350265402740e-02
1.796608872147059943e-01
-8.255221591447356455e-03
-5.348657470298254224e-02
1.561957972104986887e-02
1.871049709486131418e-01
1.588960115662614858e-01
1.647196894265464395e-01
5.285526372976395715e-02
8.346868495424969447e-02
-2.835711889496288496e-01
-3.016828531612013586e-01
-2.467361709445980641e-02
4.597943481392355869e-01
4.606621751506108642e-01
5.721689236800280021e-02
4.115630405328102870e-01
-3.788391129346232317e-02
9.059920479496991197e-02
-2.166124115346361109e-02
-3.369827910612681610e-01
-2.544356502747769366e-01
9.026239276601723260e-02
-3.055127557151879336e-01
-4.019276828313860794e-01
2.191416576141816674e-01
4.623837815032627030e-01
-1.240026410202578130e-02
2.561500694063299499e-01
1.100565582268493436e-01
-3.933819182000599657e-01
-3.737787566378212856e-01
3.109334819251237669e-01
2.469629540695489900e-01
3.214804607817024484e-01
-1.505558480036309384e-02
1.375132100551596480e-02
-5.070401010466953073e-02
6.576557338094467520e-01
8.503937449113745384e-01
4.143910705335235312e-01
8.748759535763095396e-03
2.472813659749769910e-01
1.770456378443238110e-01
3.570559648125740670e-01
4.391101322990460798e-02
8.126840214930737549e-02
1.007598379017280443e-01
-3.830116934991626976e-01
1.829185480045329368e-02
-3.552326540846661440e-01
3.316408127407864392e-01
5.325923888625170299e-01
-5.813504565066135443e-02
1.809381848889022870e-01
2.479431175999004811e-01
1.992574079780896346e-01
2.618593152898243681e-02
2.820269487559767807e-01
4.556712961394384087e-01
-1.600317125492763670e-01
1.643869433996859586e-01
-4.027608197129736167e-01
3.727464981229754448e-01
3.728758799317933303e-01
4.376636257166612864e-01
7.681124499470968203e-01
-3.036379939623686797e-01
1.452217455548923397e-01
1.879219147801339529e-01
4.643678733154448235e-01
4.461109438582253617e-01
8.752563726158012480e-01
9.769150938060402467e-01
6.545239945634631074e-01
6.343780269345630773e-02
6.079851744556871163e-01
8.406011502330342777e-01
3.954207555869666546e-01
-3.812526786384402150e-02
4.361176072539809656e-01
4.770340525642898788e-01
2.849792893441675523e-01
3.515525039000027552e-01
5.805010055161515803e-01
4.883988408817338533e-02
5.796243748061948864e-01
-1.554219074926947719e-01
4.262069719994029254e-02
-1.335414044465330352e-01
1.249413014542767042e-01
5.314382904495815740e-01
5.874385243962417791e-01
3.303179637244937350e-01
1.048398299492815655e-01
-5.393966904551616981e-02
4.708891113222824637e-02
5.774542442155764510e-01
-7.198516443249226848e-02
4.838782415378045099e-01
2.343524631117412382e-01
6.012123078364945972e-01
5.285867424233973155e-01
5.393248271420439943e-01
4.151721467206330729e-01
-1.298617332133440161e-01
5.937346727887556908e-01
-1.237406226189065594e-01
3.097329530833660069e-02
4.247484865582011326e-01
8.354295978419244706e-02
1.199794079275704195e-01
1.921562481817462587e-01
1.134823437502191917e-01
-1.524347379926885571e-01
5.655094362206272152e-01
1.985263688166768181e-01
-1.426197745464334032e-01
5.331312137027911964e-03
-1.917135863759449332e-01
1.013910240035710841e-01
-1.443368943594845188e-01
1.248088006969409330e-01
4.252919156837347558e-01
4.849240093581103639e-01
4.269732221061942057e-01
-9.917564407116494785e-01
3.635360415545612622e-01
5.392283640009407630e-01
4.142482823987905793e-01
4.853775202065234717e-01
2.889297012096460615e-01
2.079555490823065955e-01
4.506938802997005888e-01
6.976868637651045812e-01
4.068125838462737232e-01
1.707194622005799300e-01
-2.873221492636070518e-01
