5.682301727089732468e-01
5.668363270093794704e-01
5.682504913110881795e-01
5.680995692938567432e-01
5.680771649184652716e-01
5.682226440461787265e-01
5.678818450200642243e-01
5.682699433765354691e-01
5.679043898288473891e-01
5.572893280921463743e-01
5.681898835926690872e-01
5.681690270836400325e-01
5.680661181150861161e-01
5.682616755616276549e-01
5.682113892991299542e-01
5.682377669478051452e-01
5.682303643851276398e-01
5.682668407569440028e-01
5.680521557584902181e-01
5.681259580349649063e-01
5.540766322626604623e-01
5.681978412444860238e-01
5.683930720009192639e-01
5.681355479050999024e-01
5.674580863060101343e-01
4.277131960806893063e-01
5.683930704376751741e-01
5.681452519902222553e-01
5.599732041439341446e-01
5.679750403883925269e-01
5.678051697867297909e-01
5.683930719908100171e-01
5.683930719971580503e-01
5.682557562868018053e-01
5.672072816190723010e-01
5.671541845230251289e-01
5.678878328358434313e-01
5.679851933241339967e-01
5.681064300371895248e-01
5.682535957509932123e-01
5.676166315779387350e-01
5.683930720009192639e-01
5.535738627036711490e-01
5.682217280589156871e-01
5.683930720009192639e-01
5.682519871872845352e-01
5.578867879191894419e-01
5.597002568114443077e-01
5.682217346284117454e-01
5.669924623639314154e-01
5.672655268290813790e-01
5.678192010826980107e-01
5.677736269839940286e-01
5.683930361668515507e-01
4.560202269500529537e-01
5.682556240764489175e-01
5.681193662128189992e-01
5.555060795739193980e-01
5.540050184544696998e-01
5.683930539860507780e-01
5.665827742147335755e-01
5.669793020463193001e-01
5.683926421478227020e-01
5.676196839052113363e-01
5.680144008532305167e-01
5.683930720009192639e-01
5.083309977057118845e-01
5.683930491809813246e-01
3.412114950001314817e-01
5.170315496776274333e-01
5.210530814312804848e-01
5.277110483678252306e-01
5.349766948537351130e-01
5.611434491542496295e-01
4.016448567241552303e-01
4.443495651879046382e-01
5.434588033452909528e-01
5.461890527493341585e-01
5.660420221312630895e-01
5.666343027296625312e-01
5.652872400301768296e-01
5.654849613417386456e-01
5.561086971522248845e-01
5.683930720009192639e-01
4.008724593900725996e-01
5.553059302675161790e-01
5.677153794222912220e-01
5.683930720009192639e-01
3.788510667808143162e-01
5.157359844863309561e-01
5.185176482145895660e-01
5.211549340355149385e-01
5.260904883936511345e-01
3.619359940135541409e-01
3.999985678944346090e-01
5.364656279778842185e-01
5.683930114033117764e-01
2.773716060842905673e-01
3.365043093416644204e-01
5.683930377739349060e-01
5.683930720009192639e-01
5.071986649190290963e-01
5.683930516253787868e-01
5.505436009426163402e-01
5.649896136487444487e-01
5.637277232490834900e-01
5.683930720009192639e-01
5.683929148767202788e-01
3.756207806544851202e-01
3.170875600533584193e-01
5.683930720009192639e-01
5.683930612700076601e-01
4.088092485989071601e-01
5.672553764328481796e-01
1.775335107671911772e-01
5.659681023287141954e-01
2.170172656557544932e-01
5.683930719542873433e-01
5.665564262118039096e-01
5.683930297895848360e-01
5.639311593741603845e-01
5.226667938359453869e-01
5.683930719979981561e-01
1.688772639003162102e-01
5.683930720009192639e-01
5.671620642890088382e-01
5.657768881897335955e-01
5.683930720009192639e-01
5.683929122597081163e-01
5.503679179320926096e-01
5.634453655574976905e-01
5.683930720009192639e-01
5.656445233843790943e-01
5.550056919118229182e-01
4.055434777362780241e-01
5.683930720007487336e-01
5.632582441303692899e-01
3.718372131113288903e-01
5.164087511568131728e-01
5.183053210956377610e-01
5.006799595951303417e-01
5.683930720009192639e-01
5.683930720009192639e-01
5.683929113734392802e-01
3.234933242197899905e-01
5.683930719904430884e-01
1.925517521994892234e-01
5.683930720006956649e-01
5.444476730271360365e-01
2.333225254142540506e-01
5.315656599900926427e-01
5.683930720009171544e-01
5.336311213216636817e-01
5.683930720009192639e-01
5.683930720009192639e-01
5.683930720009192639e-01
5.656068827596250070e-01
5.113873724825666045e-01
2.529079210671451583e-01
5.140608405821601723e-01
3.004223013379453966e-01
3.455962384953784605e-01
5.189580102560080732e-01
5.683928543383207632e-01
5.683930066701584627e-01
2.989858557675940665e-01
5.259557809433635933e-01
5.611297292388157665e-01
5.287174589946662673e-01
5.072234825438153294e-01
5.440966097466667373e-01
5.683929084948117216e-01
5.129525617108918745e-01
4.974750437235360145e-01
5.683930720009171544e-01
5.610874987851275364e-01
2.464025130193268909e-01
5.228373456530014396e-01
5.683930720009192639e-01
5.270672149503116133e-01
5.683930720009192639e-01
5.683928501713505499e-01
5.683930715359851726e-01
5.683930720009154891e-01
5.289244359060447653e-01
2.434584609350319007e-01
5.683930720009192639e-01
1.642051229300419135e-01
2.913685716193976094e-01
5.135109900621626089e-01
5.310637150420060015e-01
5.683930720009192639e-01
5.683930719997744019e-01
5.683930720009192639e-01
5.219643909295128559e-01
5.683930720009192639e-01
5.683930720009192639e-01
3.533847524022387110e-01
5.683930252331599320e-01
5.683930720009192639e-01
5.683930720009153781e-01
5.260578547954696260e-01
5.683930720009191528e-01
5.683930720009191528e-01
5.683930719896258532e-01
5.683928398168266449e-01
5.683930720009192639e-01
5.683930246178749979e-01
5.683930720009192639e-01
5.016654955747468225e-01
5.683926866186354010e-01
2.303269272975961568e-01
2.496582184967031937e-01
2.560735361744967409e-01
2.625311930068605082e-01
2.760179487252358843e-01
3.784295851022002055e-01
5.683930720009192639e-01
5.683927896607768870e-01
5.249073647989470626e-01
3.021877033634463028e-01
3.713850091789779317e-01
5.683926881933658581e-01
4.247277409915605761e-01
4.353343845430753811e-01
5.683930009379600801e-01
5.683930720009152671e-01
5.683929332218211616e-01
5.683930032023114531e-01
2.202706846081795011e-01
2.323514731209607720e-01
1.464886327468856997e-01
1.663744291195754510e-01
1.771910608713419266e-01
2.832349173845239432e-01
1.841807746615391761e-01
2.992690628391279084e-01
3.086912596095959249e-01
3.331344021960023216e-01
4.360055361367319304e-01
4.061349166385886389e-01
5.683926728117592031e-01
5.683929775058375045e-01
2.491933858981383032e-01
2.655225724389243536e-01
2.977721858921221765e-01
3.675260162282938392e-01
1.362739766805345087e-01
3.872473516927436576e-01
4.053671354159001372e-01
5.683930717671409338e-01
5.411426876557186016e-01
5.430355041221276435e-01
5.464895241353558974e-01
5.508065383175305696e-01
2.641384310460269669e-01
3.794920378076260814e-01
4.101446089091367875e-01
5.683930717723139070e-01
5.683930720009150450e-01
5.683928863872569348e-01
2.797158580981649600e-01
3.144676721372230976e-01
3.514398399121426153e-01
3.585554023848939731e-01
3.722277698929502554e-01
5.683926576870445002e-01
4.141598408340131932e-01
5.683930718498524381e-01
5.683928850301279700e-01
5.683930720009192639e-01
2.858084360742580987e-01
5.683927588834782885e-01
3.429916546003815569e-01
4.188820361456063734e-01
5.683928819449751701e-01
5.683930718473145793e-01
5.683926476214451462e-01
5.683930718923533298e-01
5.571989108452736206e-01
5.683930717679543942e-01
2.257963219008383982e-01
5.683930718469613064e-01
2.823418673898837050e-01
3.309728584144419061e-01
5.683926445056979304e-01
5.683913534184871219e-01
5.683930720009177096e-01
5.683929144950317092e-01
5.683930717682527112e-01
5.683928120096015668e-01
5.683926350890996515e-01
5.683929972934216313e-01
2.292159739504257554e-01
5.683928762620678032e-01
5.683930716935542415e-01
2.846660084199876262e-01
5.683930717615591766e-01
5.683930717924757792e-01
5.683930430003523160e-01
5.683928079034505920e-01
5.683930720009192639e-01
5.683926472438098898e-01
2.210012324630127034e-01
1.991632730258507122e-01
2.380021317722919860e-01
3.499704206068986467e-01
5.683926927448074151e-01
5.683929938416978356e-01
5.683930716877755307e-01
5.683930717243355080e-01
5.683930717876064520e-01
5.683898787219880955e-01
5.683930718420135975e-01
5.683929436832356741e-01
5.683930719870323722e-01
3.549409139466653262e-01
5.683923185413426449e-01
5.683929932752384007e-01
3.448774672870010272e-01
5.683930330546290710e-01
5.663474039114870795e-01
5.658397093486444707e-01
5.683930707414951433e-01
5.683930716926159921e-01
5.683930717327838611e-01
5.683930719307312973e-01
5.683930720009163773e-01
5.683930720009192639e-01
5.672901635593837755e-01
5.675374705748366111e-01
5.683048346078704016e-01
5.663199352576964163e-01
5.679950142307664818e-01
5.683926164946379034e-01
5.681438204590867347e-01
5.683921515909785560e-01
5.656297713629794277e-01
5.663112258972853308e-01
5.666899639532442245e-01
5.683930720009180426e-01
5.683930117533870785e-01
5.656192945471135713e-01
5.683930280644741151e-01
5.683930332884027381e-01
5.683930378517451087e-01
5.683930638562512128e-01
5.683930661150095043e-01
5.683930720009191528e-01
5.683930682842373017e-01
5.683930620724260141e-01
5.683925797770148503e-01
5.683930720009190418e-01
5.683930720009192639e-01
5.662864108330980528e-01
5.670959207090364718e-01
5.683930719863028447e-01
5.683930720009192639e-01
5.683930719886665095e-01
5.683930719900543993e-01
5.683924148382009101e-01
5.683930720009192639e-01
5.683930719942479337e-01
5.662752488647273541e-01
5.678022290983193443e-01
5.683930718696417195e-01
5.655748897282538712e-01
5.670857098857738920e-01
5.683927195288617229e-01
5.683930719255272379e-01
5.683930719010708010e-01
5.683930719141599974e-01
5.683930718686668326e-01
5.676258447602650081e-01
5.683930720009180426e-01
5.655533463492863344e-01
5.683930720009192639e-01
5.683930677468113091e-01
5.683930719426617539e-01
5.683923386502566233e-01
5.683924117763063943e-01
5.683930720009191528e-01
5.666353212753152402e-01
5.676230443414912452e-01
5.683929810063708121e-01
5.683930719971238554e-01
5.683930720009192639e-01
5.683927151254837273e-01
5.683930718666201365e-01
5.681754758819331785e-01
5.683930719424848954e-01
5.680485715835738025e-01
5.683930720009192639e-01
5.676143780829828733e-01
5.648693797215780243e-01
5.683924705954193080e-01
5.666156268611373115e-01
5.683930647974027028e-01
5.683930719203277304e-01
5.683930719416616650e-01
5.655032762359200049e-01
5.670504912358870220e-01
5.680456167379719368e-01
5.662012727861579497e-01
5.683927087067593975e-01
5.683930719005705345e-01
5.683930719197343162e-01
5.683930719412121357e-01
5.683930720009192639e-01
5.680440992131152722e-01
5.654832648277898777e-01
5.683930719730946324e-01
5.670412244754022835e-01
5.683920335284212699e-01
5.683930718636890367e-01
5.683922323313347347e-01
5.683930718998420062e-01
5.683923905281118572e-01
5.683930719408670784e-01
5.683930719191788716e-01
5.683930720009192639e-01
1.068588765067136070e-01
9.546863222667456572e-02
5.683930719973883106e-01
5.683930719977935420e-01
5.683914787206901797e-01
5.683929778406605626e-01
5.680382392769496303e-01
5.683930718626416523e-01
5.683930719931313824e-01
5.683930718990719555e-01
5.683930719185561475e-01
5.683930720009192639e-01
5.665728660502485914e-01
5.683930720009192639e-01
5.670232444849442333e-01
1.118994340976206120e-01
9.764379303019316003e-02
5.678261570756688581e-01
5.683920203465789855e-01
5.683923066897804688e-01
5.683925802030954655e-01
5.683930719400565046e-01
5.683930720009192639e-01
5.683930719942897891e-01
5.683930718983066788e-01
5.683930719180119162e-01
5.683927002191838662e-01
5.675877438287086907e-01
5.683930719725217573e-01
5.683930718975949148e-01
5.683930719174018487e-01
5.683930720009192639e-01
1.195703138660735576e-01
5.670061976096482104e-01
5.683930719973978585e-01
1.159738373152084390e-01
5.675820508193812897e-01
1.351262100519580733e-01
5.683930719161668366e-01
5.683924054995274089e-01
5.683925977081977221e-01
5.683930719973405710e-01
5.669928582448530152e-01
5.683930719898786510e-01
5.675661087620478273e-01
5.683930719960530453e-01
5.653746143798040746e-01
5.683930719884074945e-01
9.330716296510722929e-02
1.122366940131132862e-01
5.683930719849195068e-01
5.681209287197621638e-01
5.683930718516401193e-01
5.681637270097850134e-01
5.683930718690586303e-01
5.683930718846005314e-01
5.683930718981843322e-01
1.316473664841009694e-01
5.675063403313279631e-01
1.014179719972853888e-01
9.906902488410987417e-02
1.529700995899356541e-01
5.683930378809654016e-01
5.660873321065827968e-01
5.683930611485011886e-01
1.145996815902120547e-01
1.367792642204140319e-01
5.683930719961958200e-01
5.683930673755064333e-01
5.646607988397642774e-01
5.683930719939900289e-01
1.525414449822517227e-01
5.683930633635081442e-01
5.683930719879908278e-01
5.683930673542123557e-01
5.683930719960614830e-01
1.324565768169033431e-01
1.422439522754809504e-01
5.669618681600335774e-01
5.683930720009192639e-01
5.683930720009192639e-01
5.683930719970784473e-01
5.683930719912643204e-01
5.683930719943743881e-01
5.683930719843882651e-01
5.683930719960760269e-01
5.683930417669698087e-01
5.683930094278437650e-01
5.683930719843125479e-01
5.683930720009192639e-01
5.683930649308562844e-01
5.683930719970440304e-01
5.683930489384978468e-01
5.683930515874866529e-01
1.053089107387321227e-01
1.082036295754258276e-01
1.179566334769008018e-01
5.683930595593771340e-01
5.683930719842381629e-01
5.652894713913096947e-01
5.660473326577278863e-01
5.664746599417137540e-01
5.683930720009192639e-01
5.683930719970289314e-01
5.683930719922932751e-01
5.683930720009192639e-01
5.683930719944166876e-01
5.652766552903309982e-01
1.088068429198843917e-01
1.152532621272888830e-01
1.182502476773929917e-01
1.360034221605073979e-01
5.660321352457589050e-01
5.683930030339945372e-01
5.683930290982545097e-01
5.683930402325962916e-01
9.759224527254625747e-02
1.150391424435153048e-01
1.179587307345544150e-01
1.243135167367921123e-01
1.454391422121545929e-01
5.683930289135751268e-01
5.683930720009192639e-01
1.048253841497733679e-01
1.118156092882414271e-01
5.683930017423605152e-01
5.683930593543076171e-01
5.683930720009192639e-01
5.683930720009192639e-01
5.683930396690773934e-01
5.683930720009159332e-01
2.270486360551337568e-01
1.035369908858711357e-01
1.086463130098073160e-01
1.178777886431882638e-01
1.463134119398352695e-01
3.189854156568124877e-01
3.744365222825365991e-01
4.025974100802851008e-01
4.946782771286690750e-01
5.015519961886798495e-01
5.375653175828025709e-01
5.386117353010504427e-01
5.683930678265513015e-01
2.578748912046086028e-01
5.683930718470685539e-01
1.135129220191948562e-01
5.683930714872668100e-01
5.681293464097602053e-01
2.582078508143582640e-01
5.553098501650196583e-01
1.007941220542700050e-01
5.552954558765992310e-01
4.028953309594940912e-01
5.150497849926434224e-01
5.408955645567156134e-01
5.673878008633924663e-01
2.850953891751511482e-01
5.346888710176631587e-01
5.436394548450996789e-01
5.462725389334338599e-01
5.503496732359471899e-01
5.679250661630759200e-01
5.679805957215011691e-01
5.680929407215087323e-01
5.681322810824352976e-01
5.681563797038483576e-01
2.590594967530188142e-01
1.380400411482145262e-01
1.604065111506109143e-01
3.216704152647386072e-01
5.683930720009185977e-01
5.683930720009192639e-01
5.683930720009192639e-01
5.552264583429511458e-01
5.567718310473975807e-01
3.704880060770607275e-01
1.014187075084915651e-01
1.386783102688122216e-01
1.610628710135953989e-01
5.683930720009188198e-01
4.980169534686441635e-01
5.683930720009192639e-01
5.436220247866787592e-01
5.683930720009192639e-01
5.683930719415675181e-01
5.683930719462786385e-01
5.683930720009192639e-01
5.683930719598228043e-01
5.523161627035430010e-01
5.674105888336716808e-01
5.676377082538218710e-01
5.567308770650042371e-01
5.683930720009192639e-01
3.528478546632429769e-01
5.683930720009192639e-01
1.078639615134466684e-01
5.681000206847439671e-01
1.454627765940786355e-01
1.548593114337705190e-01
1.701107454165320110e-01
5.678136354314224921e-01
4.793336964928862631e-01
5.683930720009192639e-01
4.979846268247954399e-01
5.033399724924285668e-01
5.198907564300727646e-01
5.230972779977476339e-01
5.683930596719294348e-01
4.623440244881674155e-01
5.683930720009192639e-01
5.683930720009192639e-01
5.671817500525374589e-01
5.588952211250144408e-01
5.566927458486164992e-01
5.683930720009192639e-01
5.460872738751157973e-01
5.673805161449787526e-01
5.680983014992628810e-01
2.224662855458085786e-01
5.501377343690347921e-01
5.672787384563178215e-01
2.029411285191520531e-01
1.526679993597297724e-01
1.678233225314966492e-01
5.680978099221568600e-01
4.407598476222627792e-01
3.756151027647318674e-01
3.806254717236544072e-01
5.459895123908642400e-01
3.987679914060790476e-01
4.030533980490506041e-01
4.655784202395132909e-01
5.683930720009192639e-01
5.675501589579434736e-01
5.671877982220697723e-01
5.677217412962743959e-01
5.678237965255249486e-01
5.005316457931312524e-01
4.407962102795759951e-01
5.501001234651017313e-01
5.205523669890178562e-01
5.337951955797450854e-01
5.682066491119154295e-01
2.597784910068006714e-01
4.406934094150148362e-01
5.678230997209290365e-01
5.679489274108106001e-01
5.675395898653172733e-01
5.680967199046002003e-01
5.681424873485717564e-01
3.220915647108292812e-01
5.683163826034072219e-01
2.222751075304162660e-01
5.682371034749412742e-01
5.683536241972111380e-01
5.683622831630634753e-01
5.683654048606974207e-01
5.683682037363215755e-01
5.683759422764607105e-01
5.683779957125048021e-01
5.680960063704557639e-01
5.683798001447534221e-01
1.390896819023282882e-01
1.617591546625529730e-01
5.683840276745097952e-01
5.683851318120138885e-01
2.219835727190071772e-01
5.683877048586216674e-01
3.751911646431095315e-01
3.893948924677496093e-01
4.354735350547813133e-01
4.026574592801837604e-01
3.136264961662543205e-01
1.616556848709593541e-01
4.829278460735455525e-01
5.678214965685670634e-01
4.997712432397755644e-01
5.023050632266150561e-01
4.451824062481595234e-01
5.681414697301212513e-01
2.217688381512208096e-01
5.366633105536610104e-01
5.395150933997652221e-01
5.408246537676422161e-01
1.614933483612554788e-01
1.008159092993536482e-01
5.683930720009192639e-01
5.683930719469106885e-01
1.612760125384770094e-01
5.677166684762886550e-01
2.586609123218055473e-01
2.864247525607287459e-01
3.211525887032783411e-01
3.473486169321309269e-01
5.682801251660654085e-01
5.683658737335476330e-01
5.680136984007165823e-01
5.683769272383946136e-01
5.680944356867289047e-01
5.683403086145638605e-01
2.862282694169155373e-01
5.677166254121266409e-01
5.679463810078445585e-01
5.683930719638345952e-01
5.683930410569455471e-01
2.581821321622339016e-01
3.695164129994339963e-01
3.797437655523248634e-01
3.892093020630589817e-01
5.667044662547551237e-01
5.683882668668426286e-01
4.853484672450191773e-01
4.926915010966031461e-01
2.579374774019698169e-01
2.857273151165194425e-01
5.211186680856887410e-01
5.683768739163506112e-01
5.683797830236193560e-01
5.340992135491535731e-01
5.365821657159083324e-01
5.390596547167308961e-01
5.457212313094595979e-01
5.560987703945894367e-01
5.682562125839936140e-01
5.456958742886982572e-01
5.682794900125270887e-01
5.682894797672073395e-01
5.677142406824834397e-01
5.679446243285023455e-01
5.683323090316656501e-01
5.680113175652534707e-01
5.683490828003143758e-01
5.683530351394013858e-01
1.111731713849508085e-01
5.551562818250058706e-01
1.489559779868556422e-01
2.772029601658849707e-01
2.830717127317363691e-01
3.213345244710035242e-01
1.830238969361842882e-01
3.269358741387481948e-01
1.887763533522798243e-01
2.014679111664281763e-01
3.429952269247076302e-01
5.680920818080774648e-01
5.683900689961043362e-01
5.683903785133506137e-01
5.683848176844593647e-01
5.683930720009192639e-01
4.802865805017299539e-01
4.976837300529496355e-01
5.156950246964299156e-01
5.675288345372284660e-01
5.173848617682008655e-01
5.286238574866769513e-01
5.678156125108541064e-01
5.349249969855291997e-01
5.379119463887583885e-01
5.430440571291508256e-01
5.683655324640698447e-01
5.675281506449781910e-01
5.678151569070951643e-01
5.680913764718383829e-01
5.683796601982481489e-01
5.519168297556467095e-01
5.683847849793378648e-01
5.675281148050514979e-01
5.679421782653318873e-01
5.680909110779874815e-01
5.682661026780040370e-01
5.678155733825912543e-01
5.683221867588438281e-01
5.551455713544337645e-01
1.087166937727603727e-01
4.633346321326909378e-01
1.552366204738236111e-01
2.597711192737235386e-01
5.683930720009172655e-01
5.683930720009171544e-01
5.677084661408606792e-01
5.005786081659525655e-01
5.683930720009181536e-01
5.683930720009182647e-01
2.725209895410609096e-01
2.919246111475484740e-01
5.683712594767994508e-01
3.255705472628585007e-01
3.670228805481171586e-01
4.438209458188728251e-01
1.228947560761946556e-01
5.683889022768855437e-01
5.115562855170359136e-01
5.675299911490412352e-01
4.725603425599633201e-01
5.683905277818541713e-01
5.683908374153816556e-01
5.683911096588345480e-01
5.492961637698200450e-01
5.154038454414956449e-01
5.677089625531936967e-01
5.683918746000828914e-01
5.294910313275168479e-01
5.683921241874844155e-01
5.378022354490248347e-01
5.681363871833156054e-01
5.683653192701931811e-01
5.683766173066209237e-01
5.114025004324846968e-01
5.523010317091368027e-01
5.682535902688968799e-01
5.680092339186756378e-01
3.431788367015488062e-01
5.682941200528629500e-01
5.683466476842620185e-01
5.679459255551728702e-01
2.801191696235469930e-01
5.680890672417882037e-01
5.122601079234215815e-01
5.683910426969952523e-01
5.683915561931167648e-01
5.683923140019756515e-01
5.683711272709280893e-01
5.683930719632549478e-01
5.453208878030018081e-01
4.794325297653869167e-01
4.877157002649126771e-01
5.001068119127575207e-01
5.174143986664133665e-01
5.683930720009182647e-01
2.522253288837777441e-01
5.277981386983306988e-01
5.679472974740891189e-01
3.422181979968945131e-01
5.132170092489758417e-01
5.683926251674465968e-01
5.683897424227071227e-01
5.548703445834702874e-01
5.683928418728991794e-01
5.683915523565474803e-01
5.681350375871938585e-01
5.683918315009485189e-01
5.680880426722995091e-01
5.683929611767870593e-01
5.683929724086226321e-01
5.683846812815451788e-01
5.452348859704340134e-01
5.677314966368847138e-01
5.683876885752858765e-01
2.781144347982630327e-01
3.414159110491241100e-01
1.541023301796420608e-01
5.683930720009192639e-01
5.683905766504948609e-01
5.683915479788550495e-01
5.683930720009192639e-01
5.678315090349514982e-01
5.680871368181599212e-01
5.674219792918658856e-01
2.502256445933936924e-01
5.683923105664607789e-01
5.683930720009192639e-01
5.683930720009163773e-01
5.683930715523995980e-01
5.683930714797243988e-01
5.681339841037429395e-01
3.133488533988393332e-01
1.527219042834341289e-01
5.683930720009192639e-01
5.683889800416783711e-01
5.556470353390443595e-01
5.683930720009172655e-01
3.785425061972729766e-01
5.683905696234440308e-01
3.129643697714561967e-01
2.763243263181986431e-01
5.683930720009192639e-01
5.683910259294975287e-01
5.512823659119581166e-01
4.735645908067473431e-01
4.903109893290047427e-01
1.520344524457980795e-01
5.683923087703571797e-01
5.310798935809720733e-01
5.681987578362992508e-01
3.126927139779672737e-01
5.358665885940034901e-01
5.683930720009163773e-01
5.678101410540506988e-01
5.683925865350135664e-01
5.674227051953232293e-01
5.498900388422698349e-01
5.683927022336071611e-01
5.683927908525923112e-01
5.683928405960166907e-01
2.472124363776505018e-01
5.683930720009172655e-01
3.395693057227198719e-01
5.489437511639976286e-01
5.683930720009181536e-01
5.450302337246072382e-01
5.683345699929026607e-01
5.683508010806354038e-01
5.683561856200193274e-01
3.391702953644306073e-01
1.104357722792097124e-01
1.404383578782554820e-01
5.683930720009163773e-01
5.683930720009154891e-01
5.683905578656774926e-01
5.488990021680584253e-01
3.914833065350212249e-01
5.683915403476371697e-01
5.683930720009177096e-01
3.145453843210925804e-01
3.207595264281721259e-01
5.168866070670344870e-01
5.191576901518226705e-01
2.456909353698793208e-01
2.074182453711853058e-01
5.234200124724290859e-01
5.114270879767811584e-01
5.290774536070683709e-01
5.002153865974829916e-01
5.356976174891965314e-01
5.683827934265958115e-01
5.683925377027947423e-01
5.674274884311043543e-01
5.683930720009192639e-01
5.683930720009163773e-01
5.683927894751684695e-01
5.683905521595543631e-01
5.683930720009153781e-01
5.683929494214179368e-01
5.683889470152245771e-01
5.683930720009192639e-01
5.683930540270634157e-01
5.683930643657018056e-01
5.553756568555862083e-01
5.681306200312686849e-01
5.678879433537037391e-01
5.678624209026794656e-01
5.678358486885922707e-01
1.756718822634866783e-01
5.680700840004212493e-01
5.677941073558993024e-01
5.682218273063723846e-01
5.683930720009153781e-01
5.683921302261986108e-01
5.683930720009163773e-01
5.682699544525161572e-01
5.682775801388151304e-01
3.599248793639919786e-01
3.702797482860266665e-01
4.584594682345937144e-01
5.683259112574845506e-01
5.683905426722171139e-01
3.807374088365056974e-01
5.683500527185408879e-01
5.683831843901462344e-01
4.723155074445694601e-01
4.692111899723578339e-01
4.387866827986967588e-01
4.865217501337576467e-01
5.306117851059836132e-01
5.345979461266238131e-01
4.597013466387555036e-01
5.368132642133941479e-01
5.552932120761246981e-01
5.683905391123289519e-01
5.109139603480893355e-01
4.385346495678825174e-01
5.683930643339905053e-01
5.683927303329461278e-01
5.683927601174016964e-01
4.595982722513147212e-01
5.683928123839131485e-01
5.683928771915294220e-01
5.683930720009164883e-01
5.678348479032868656e-01
5.681959122201780676e-01
5.679081282793383423e-01
5.683921269696358136e-01
2.394788078956543165e-01
5.679764388695250910e-01
5.680250344913763128e-01
5.683787791214799379e-01
4.594294380315826487e-01
1.738148231747839723e-01
1.041439378012016664e-01
5.682431753510444050e-01
5.683930720009172655e-01
5.682590037324775079e-01
5.683930720009180426e-01
1.283721469315505792e-01
5.682770494386183424e-01
1.338261049478047804e-01
5.682842434135411125e-01
5.682910378479648639e-01
5.522165279843094243e-01
3.650824031324175212e-01
2.389580974258762869e-01
5.683337816722896507e-01
5.683418540179673295e-01
5.683620792130709143e-01
5.683465985597576653e-01
5.683653240485526670e-01
5.683502361312405826e-01
5.107895646651874344e-01
4.592021454614316767e-01
5.681287527102016899e-01
3.779509227253931569e-01
5.683930720009192639e-01
5.681955955340456388e-01
4.840293478935009386e-01
5.552793350187971155e-01
4.718129148734401257e-01
4.775550883794249524e-01
5.418650479354648608e-01
5.676070167048975490e-01
4.590983524143511518e-01
5.683905303388216979e-01
5.106858157196317860e-01
5.304581579028898597e-01
5.683922973133617162e-01
5.674516977602082068e-01
5.683930720009192639e-01
3.644922785605547166e-01
5.670375993333600650e-01
5.683930666393175457e-01
4.998213000366712455e-01
5.089609925730377293e-01
5.127392766278806580e-01
5.683930720009191528e-01
5.683896631927274345e-01
5.658887401885837054e-01
5.683922961007541463e-01
5.681947645624378929e-01
5.671422681456707027e-01
5.683930029999207933e-01
5.678788277777602200e-01
1.478548990971442212e-01
5.680067096011091055e-01
5.683918034193292668e-01
5.658834941004976526e-01
5.683905209588445695e-01
2.021051095010420462e-01
9.630316901961535891e-02
5.682296053551304515e-01
5.683930642872762062e-01
5.439709921958749694e-01
1.214376174976551787e-01
5.682812365274375610e-01
3.637098759270649406e-01
5.683388486871733258e-01
5.683450631262884079e-01
5.683787017987912416e-01
5.492092605619082191e-01
5.550698921290894150e-01
4.598884464012483742e-01
5.683918010710352631e-01
4.696101191989547341e-01
4.661674431236468852e-01
4.752624274294136031e-01
4.977905075257184619e-01
5.683809130546610966e-01
3.633422631704901762e-01
5.678543555937601850e-01
5.220143256987169744e-01
5.240638685192021695e-01
5.682721908758879836e-01
5.683930720009192639e-01
5.683930720009192639e-01
5.683905131426847390e-01
5.677674233405056725e-01
5.683137256140002869e-01
5.683917993895417631e-01
5.683852517309060381e-01
5.683922923877572364e-01
5.683930720009192639e-01
5.683930642628169938e-01
5.682674937729589315e-01
5.518308908974632887e-01
2.794953205566731991e-01
5.683909766072667846e-01
5.683917968401573928e-01
5.681875474835746953e-01
4.615187560522268639e-01
5.683637810753467967e-01
4.346469554332779150e-01
5.350283299975294726e-01
5.683930720009192639e-01
5.682897435253002616e-01
5.677655355571160634e-01
5.218464796309648657e-01
5.683737868759032308e-01
5.683930412755247019e-01
5.683930493179014665e-01
5.683930614889987076e-01
5.683865865479234003e-01
5.327866579753312015e-01
5.676262952866329980e-01
5.674742302453944509e-01
5.683905034025229508e-01
5.683683303664874842e-01
5.683621859204385229e-01
5.683921148753546815e-01
5.682860908505958930e-01
5.682948752672822845e-01
5.683930642417184265e-01
5.683930720009192639e-01
5.683930719693018885e-01
5.683909141027975176e-01
5.683910836476774309e-01
4.970444904739085290e-01
4.687111415576719620e-01
5.683916546658579483e-01
5.683930642339924955e-01
5.683922639215276407e-01
5.683923291152020996e-01
5.216823700005573938e-01
1.195158003180349232e-01
5.204839180350711025e-01
5.024345600966492187e-01
1.709420323798615249e-01
5.683930720009152671e-01
3.300543951635327433e-01
2.365146369388296532e-01
5.683930715009389845e-01
4.827748774690344136e-01
5.683930716538208028e-01
5.305087602907121447e-01
5.357226036033745364e-01
5.164703426907399919e-01
5.454426828960717843e-01
5.683930720009192639e-01
5.670593269957178162e-01
5.683930718641763136e-01
5.682964812965419776e-01
5.135776052296615601e-01
4.801420079917794181e-01
5.683414477206443216e-01
5.683930719602551251e-01
5.683930719653491614e-01
5.683930719698592204e-01
1.970423947335939452e-01
5.683447745040731691e-01
3.297031745169064498e-01
5.683486457901233413e-01
4.900634773557649981e-01
1.389345148502034166e-01
1.968661532903484834e-01
4.874381482639376095e-01
5.220145846515279464e-01
5.675555814536940025e-01
3.017964810362500083e-01
5.683921179862521100e-01
1.385989187957814284e-01
5.683925581469023713e-01
5.683927026078670064e-01
2.357144816263777309e-01
1.698772583558778582e-01
5.683928398031590223e-01
5.676017149731299449e-01
3.293792992636652706e-01
5.683929249638906001e-01
5.416624996354199029e-01
5.682460324955853626e-01
2.356326158437285212e-01
1.699109658034853865e-01
5.676438448221829969e-01
5.683930720009191528e-01
5.683930720009192639e-01
5.683548407726332075e-01
5.454484452034992215e-01
5.676867286263916901e-01
3.292423517326740212e-01
5.663583221008885449e-01
4.722790097277050902e-01
5.416329056538411457e-01
5.683930720009192639e-01
1.383025269147611647e-01
5.643831293000766136e-01
2.634902245009189126e-01
5.649158461477231663e-01
5.653701212442064916e-01
5.663572327787074201e-01
4.673688970242616536e-01
5.683930666980930857e-01
5.683926603802844646e-01
1.964128386575639262e-01
5.674246059742504844e-01
3.291440760414208744e-01
9.960811336368621816e-02
5.677712488184787354e-01
4.643100043306034319e-01
5.683929344055044242e-01
5.683930714074988400e-01
1.962959640106158032e-01
5.302724345960834196e-01
5.146476098746699535e-01
5.683930720009192639e-01
5.415964703076933118e-01
1.184676693267536773e-01
5.302623670495897334e-01
5.146178613610025154e-01
5.682284332794500514e-01
1.697764819464067654e-01
5.673602983393987165e-01
5.682849906994836831e-01
3.289655884374387274e-01
5.683930576593773099e-01
5.354694283694851897e-01
5.415647913044470130e-01
5.683211979044157092e-01
5.031961632855885824e-01
5.683422904430007749e-01
5.683930685101595826e-01
2.633274127442679635e-01
5.676178453942264390e-01
5.683930713647534771e-01
5.652317254633983934e-01
3.588618807238390662e-01
5.660500798979599679e-01
1.698818866921478210e-01
1.963076568748959583e-01
5.415532496839337018e-01
1.385210728129981084e-01
5.663507250925764458e-01
5.145486355444437443e-01
5.683929444425592781e-01
5.683919988074505047e-01
5.683925010905656050e-01
5.683925584667092190e-01
3.011921696724623176e-01
5.683926550354307938e-01
5.683926954549004540e-01
5.354411463052035636e-01
5.683928103847114555e-01
5.663521665632019753e-01
5.683929081034442277e-01
5.301699336267581275e-01
4.662084351420849870e-01
5.682506798020998673e-01
5.453695635702281441e-01
5.683210900940801613e-01
5.663499520215384830e-01
5.668023572586270431e-01
5.683338338428696179e-01
5.683433140214572132e-01
1.249284031691355462e-01
5.683474130876936536e-01
1.417953683012145583e-01
1.950980584153374497e-01
5.674153855374252098e-01
5.647811025616402691e-01
5.224185278169447555e-01
2.551008558699988660e-01
2.611654535796765209e-01
5.652114461181685368e-01
5.654967312412576552e-01
3.097372401034117484e-01
3.213956144591417208e-01
3.601760247508318802e-01
5.683917060062919635e-01
3.719433524233409227e-01
5.683721539144315216e-01
5.683930720009192639e-01
3.822096816036426037e-01
5.683930713651721423e-01
5.683930720009192639e-01
4.817252230794304424e-01
4.849927365025641923e-01
4.973310412867565922e-01
5.058837496333398187e-01
4.550441372927000461e-01
5.683921098677882089e-01
4.741722195115155580e-01
5.183757827416135555e-01
5.635840363307416112e-01
5.626000127559368513e-01
5.683930720009192639e-01
5.683925019653996991e-01
5.683925583930333758e-01
5.683930720009192639e-01
4.630376781371663975e-01
5.683926954331020021e-01
5.683930710237677930e-01
5.683927281399919762e-01
5.683927854442952787e-01
5.667979086099508290e-01
5.626671358905621645e-01
5.663506405837163138e-01
5.683930082232481196e-01
5.683930572132325221e-01
1.736504823996673774e-01
1.885095405372667343e-01
2.006607246816119738e-01
2.062976132432674803e-01
2.264338902134235831e-01
2.385724049020830073e-01
5.683930542409293407e-01
5.683930472259322020e-01
5.683930498990835689e-01
5.683738188895547383e-01
3.332585892321966448e-01
3.386496370587909754e-01
3.584239682582650022e-01
3.683693695377404653e-01
3.783812713224601887e-01
3.882399271091591109e-01
5.683930373577876782e-01
4.699343107249472906e-01
4.738331610126317317e-01
4.946364790861046967e-01
5.137626907644191609e-01
1.017283195378044652e-01
5.683921103616383919e-01
5.683922041705049555e-01
5.683925589626157571e-01
1.015411772239495081e-01
5.683926957025412507e-01
5.683876369612185231e-01
5.683927598226021782e-01
1.709436984350458655e-01
5.683928971583948053e-01
5.683929143355104241e-01
4.410668385719287432e-01
2.362085853129579360e-01
5.683622994407044882e-01
3.019199167388391669e-01
3.298098944610934335e-01
5.650211082033520515e-01
2.648691366323482899e-01
1.200892521899558363e-01
5.683224998471325673e-01
5.216593586915957426e-01
5.683861817205843048e-01
1.712049276341805204e-01
1.977057625846343758e-01
3.622034207847913412e-01
5.683917058620734375e-01
2.364659296597683980e-01
2.650469594107141003e-01
1.396649242013495718e-01
5.216115358950117464e-01
1.010094905586567809e-01
5.683836060423527181e-01
5.142877647066953495e-01
5.683672502417801420e-01
5.683921111597417530e-01
1.397094610145145632e-01
5.683924400548661104e-01
3.301802372535364571e-01
5.216090361750526094e-01
5.683814738813885992e-01
5.683925587795385370e-01
5.683926568750014008e-01
5.683926982372287107e-01
5.683927880816173062e-01
1.200063112802510906e-01
5.627982721512536646e-01
5.683930710262796726e-01
5.683929683639373787e-01
1.007525980005104516e-01
5.026233164799647213e-01
4.939995287937302137e-01
2.371635170223880817e-01
2.655848601815888888e-01
3.587058912954414480e-01
5.683775917137530165e-01
5.683930201133368110e-01
1.720293354048683943e-01
5.142715425835894250e-01
1.985370744404448551e-01
5.681863038357208850e-01
5.683930346734311634e-01
5.662401427485100891e-01
5.683930420203301415e-01
3.028131570399946182e-01
5.667921196101551873e-01
5.647413107171532776e-01
5.649661620338387591e-01
5.651799574320310882e-01
4.413087552822884674e-01
5.683623025092325864e-01
3.031275758715584745e-01
5.683738891714806840e-01
1.403803505386025940e-01
5.683270140183364072e-01
5.663437161924016472e-01
1.204644500632667536e-01
5.683549311878972610e-01
1.010306995893978793e-01
5.683672592445798699e-01
2.381830814384190143e-01
5.663450667301270780e-01
3.035339761708974460e-01
1.013079965077559874e-01
5.683739026186929166e-01
1.731625268471984058e-01
5.683926989742620339e-01
5.683917075875588587e-01
1.210870611329604024e-01
5.683927886485902192e-01
5.683928141764802433e-01
5.683928786360360474e-01
5.667923881496410576e-01
3.313322412084622193e-01
3.608550207961848666e-01
5.683930235265383102e-01
5.683930344426784131e-01
1.414039870875592741e-01
5.683930468988759310e-01
1.021180793828498634e-01
4.941668832761604846e-01
5.683917083613104770e-01
5.683813328710310975e-01
5.683832674856346134e-01
5.683285405314975058e-01
5.683352112776111076e-01
5.291107735737587969e-01
5.683930592974404394e-01
1.032930863429380453e-01
5.683924430392589544e-01
1.230476392638590183e-01
2.397410990932135610e-01
1.429337192948785806e-01
5.683926997481012489e-01
4.417698298358666009e-01
5.683928590295603822e-01
5.683929152344469049e-01
5.683929444036125433e-01
5.683929566756289464e-01
2.017051002016414518e-01
1.435193527822989645e-01
1.756400508325419996e-01
5.303587301627283868e-01
4.233405257948258948e-01
2.022113395907542688e-01
2.404626497468068669e-01
4.529073203699015560e-01
1.447892886405114654e-01
5.683768467735351715e-01
5.683782204769144419e-01
5.683930228165442466e-01
5.683794738337837327e-01
5.683836145449060462e-01
5.683853374276285342e-01
5.683930544506712312e-01
5.683624057786486050e-01
1.454579248581341355e-01
5.683485544935018563e-01
1.778109554925166869e-01
3.018474469611651667e-01
5.667942275244637340e-01
2.747234312473658124e-01
5.683919262998362587e-01
5.683920328811821188e-01
1.784170453321161920e-01
5.683923713512917253e-01
3.021447799206519735e-01
5.683925625286145866e-01
5.683927629658989122e-01
5.683928797888512241e-01
4.237778366950030184e-01
5.683816085502807480e-01
4.532403472553307444e-01
5.667954603306343264e-01
5.683878303944074339e-01
5.667971537582616737e-01
5.683883963989734278e-01
5.683913558791622300e-01
5.683910670681155963e-01
5.683930720009192639e-01
4.424520196249356330e-01
5.683921092425238131e-01
5.683924452184592191e-01
5.683926660451675827e-01
5.683927170067902823e-01
5.683928673432196987e-01
5.683928347228225375e-01
5.683775253101507330e-01
4.241449269564793179e-01
5.668005887124787368e-01
5.683930054399582987e-01
5.556779126673769831e-01
5.683688873862778879e-01
5.683929090179474786e-01
5.683908375711008709e-01
5.683433431013055204e-01
5.683843440629621213e-01
5.683915814670098543e-01
5.683812879853241684e-01
5.683867135250600944e-01
5.683903463657129507e-01
5.683831054104783176e-01
5.683926686502708270e-01
5.550815128234803941e-01
5.683926096541720430e-01
5.683927590231303562e-01
5.683777116538328844e-01
5.668055264678452110e-01
5.683930720009192639e-01
5.683930720009192639e-01
5.681805873697572951e-01
5.683930720009192639e-01
5.683915810840785010e-01
5.683813383661611152e-01
5.683921805892903079e-01
5.683867455492490617e-01
5.683924661708471548e-01
5.683926523154619881e-01
5.683854269310465446e-01
5.683903635306876145e-01
5.683778619679573652e-01
1.098830522978095220e-01
5.683913829350998315e-01
5.557223141459333160e-01
5.683923590517196978e-01
1.234474291938043172e-01
5.683926925446820544e-01
5.683926322789100150e-01
5.683930720009192639e-01
5.683903779168071324e-01
5.683810950341773305e-01
5.683850061388385777e-01
5.683884774886671654e-01
5.683893927227808840e-01
5.683930713959557401e-01
5.683779441301037849e-01
5.683271590185237088e-01
5.683360711844041013e-01
5.683396790302477353e-01
5.683510504395306029e-01
5.683554076405150646e-01
1.109757954332469543e-01
5.683929596905216153e-01
5.683920934696523597e-01
5.664336279993035239e-01
5.683923334994894772e-01
5.683779593674136432e-01
5.683928614641385879e-01
5.683831795531507636e-01
5.683928324941265320e-01
5.664353822036086727e-01
5.683929600689753281e-01
5.683779125639516483e-01
5.683909039008107067e-01
5.683904213485122536e-01
5.683930720009192639e-01
5.683894623188646689e-01
9.548917180697934215e-02
5.514853565295645410e-01
5.529648640328744813e-01
5.683910344253161329e-01
5.598347064360273961e-01
5.609606127658545160e-01
5.683915580857454852e-01
5.629137048934194087e-01
5.683825598915740462e-01
5.683855714975662998e-01
5.683835611426515388e-01
5.683923774810799578e-01
5.683926651881316960e-01
1.063627878071113780e-01
5.683927176681025095e-01
1.036008919875831685e-01
5.683802071226644603e-01
5.683814049803782575e-01
5.683895382441214172e-01
5.683659234700205731e-01
5.683700495323690260e-01
1.347401131929576168e-01
5.683930720009159332e-01
5.683928396704482910e-01
5.683928958509449902e-01
5.661445545809999924e-01
9.121150492802125587e-02
1.479331172982242537e-01
5.646836884558704694e-01
1.436177271517154463e-01
9.849773107984007015e-02
5.683930720009182647e-01
5.683930720009192639e-01
5.683930720009192639e-01
5.683205352635328778e-01
5.683280524812507339e-01
1.140070983480304667e-01
5.683915582481118278e-01
1.673928469840555711e-01
1.969877021205923284e-01
1.311482886837944395e-01
5.683921546593412311e-01
5.683923327164140948e-01
5.683855159426578485e-01
5.683871934820761140e-01
5.683928005977816333e-01
5.683928793210130115e-01
5.683928987312982795e-01
5.683929476638979184e-01
5.683929734232779918e-01
9.053484584224617826e-02
2.308335782158956739e-01
5.683930720009189308e-01
5.683930720009192639e-01
5.683930720009190418e-01
5.683930720009192639e-01
1.194831839125120726e-01
2.678769490400927378e-01
5.683423369244487988e-01
5.683555624434110110e-01
5.683765356079816256e-01
5.683930720009192639e-01
5.683890471541342970e-01
5.683898189867508943e-01
5.683930720009192639e-01
1.142846920635980645e-01
5.683930720009192639e-01
5.683930700198569497e-01
1.623076487206073504e-01
5.683910956061115627e-01
5.683928889776657112e-01
5.683930720009192639e-01
2.922695650357349795e-01
5.683930720009192639e-01
5.683930719984785496e-01
5.683929721074791885e-01
5.683930593220793970e-01
5.683930720009192639e-01
5.683930720009192639e-01
5.683930720009192639e-01
5.319897468891738868e-01
5.683876553665266895e-01
5.683930720009192639e-01
5.683906546765699064e-01
9.171949243773656890e-02
1.445912606811730894e-01
5.365004928572154608e-01
5.683693037667265635e-01
5.683930720009192639e-01
5.683773349919823970e-01
1.568207966249387242e-01
5.683930720009192639e-01
1.930270013894600234e-01
5.457525414020473198e-01
2.197924788598016599e-01
5.683891610731693911e-01
5.277402760922171865e-01
5.683930720009190418e-01
5.683930720009190418e-01
1.603137064549724766e-01
5.683916129657690108e-01
5.683930720009191528e-01
5.683930720009191528e-01
5.510160492022632139e-01
5.683459480405793629e-01
1.061998406164145065e-01
2.105629104163780352e-01
5.368539264275872247e-01
5.683739329549625241e-01
5.422660045097034143e-01
5.683928095211137066e-01
5.460180909606904276e-01
1.175075606638596309e-01
5.683891999917364268e-01
5.475757090814920014e-01
5.598385164144025206e-01
5.683925364885425990e-01
5.521313502614184632e-01
9.786172436220558213e-02
5.683930720009192639e-01
5.683911572820190550e-01
5.683929745993669957e-01
5.362670180747975968e-01
5.683927497307224019e-01
5.683921963434663827e-01
2.227270199681240792e-01
5.576924188926382087e-01
1.049330362129139299e-01
5.683700310531498712e-01
5.683742957062017931e-01
5.683761251016365978e-01
5.683927510407509320e-01
5.683778079163304131e-01
9.260837573331578976e-02
5.683892506831895730e-01
5.300996871485478268e-01
5.683911757155363231e-01
9.209105093331051983e-02
5.683930720009192639e-01
5.683930720009192639e-01
5.683930720009192639e-01
5.683930720009192639e-01
5.297455387649112613e-01
9.175264364236140890e-02
5.683930720009192639e-01
1.209128933443174153e-01
5.683921995521268311e-01
5.683930720009192639e-01
9.974207074188203015e-02
5.683928730585058320e-01
5.357851429153674960e-01
5.683930720009192639e-01
1.280065761885218478e-01
5.683725427771629812e-01
5.683930720009192639e-01
5.507521312614754860e-01
5.444114994469135826e-01
9.853084062314808322e-02
5.683930720009192639e-01
5.683930720009192639e-01
5.579945789798563816e-01
5.683926523388841412e-01
1.137896154982933894e-01
9.985350329148784398e-02
5.683930720009192639e-01
5.683930720009192639e-01
1.693090458500620399e-01
5.683926537623077424e-01
5.683865208580904937e-01
5.683922213829492032e-01
5.471956242595780173e-01
1.805273923594079011e-01
1.143930335765578343e-01
5.683925553708547573e-01
5.683705926041100476e-01
5.683728140711494792e-01
5.683930720009192639e-01
5.683922268689142188e-01
5.683930720009192639e-01
5.683923892859453764e-01
5.683930720009192639e-01
5.683927606721831394e-01
1.671713897664592330e-01
5.605138264649649482e-01
5.605620005489185820e-01
5.683894112393723663e-01
5.683866631651386392e-01
5.683922358020848664e-01
5.683917039586670050e-01
5.586671490928666328e-01
5.587304263148962225e-01
5.683930720009192639e-01
5.683930720009192639e-01
5.569407684192644314e-01
5.683930720009192639e-01
5.683881977296068033e-01
5.591236496702262082e-01
5.610293689202616729e-01
5.683910401666026901e-01
5.683920167847944516e-01
5.683928387377295000e-01
5.683924432817271111e-01
5.683930720009192639e-01
5.683924973183583917e-01
5.683925469332834490e-01
5.683901314810985150e-01
5.683926336194156104e-01
5.683927722200026178e-01
5.683930720009192639e-01
5.683930720009156001e-01
5.683930720009192639e-01
5.683930720009192639e-01
5.683930720009192639e-01
5.683928413240314503e-01
5.683930720009192639e-01
5.683930720009192639e-01
5.683915620213310094e-01
5.683928424627713305e-01
5.683930720009192639e-01
5.683923752278168262e-01
5.613592542935004204e-01
5.683925529793566467e-01
5.683926394623971534e-01
5.683927768307972528e-01
5.683930720009192639e-01
5.683928449173041297e-01
5.683919144103734000e-01
5.683923704627851237e-01
5.683924422075046223e-01
5.581669368153819866e-01
5.683930720009192639e-01
5.556983465493172680e-01
5.682388769435001707e-01
5.683930720009192639e-01
5.430623235561002904e-01
5.584833170164195115e-01
5.600748255042063972e-01
5.683930720009192639e-01
5.683917957409478916e-01
5.683922003086663288e-01
5.683922869599834504e-01
5.586073015930117514e-01
5.683927517369968818e-01
5.683927846587585320e-01
5.419193195362664861e-01
5.602706676817994502e-01
5.563274677526512946e-01
5.587893320958831067e-01
5.683930720009192639e-01
5.683930720009192639e-01
5.588533380946932860e-01
5.564530793822136667e-01
5.683928506019434446e-01
5.683920094319451222e-01
5.683921058980667684e-01
5.683930720009192639e-01
5.683926037596128689e-01
5.605047541374663655e-01
5.683930720009192639e-01
5.590855398963803236e-01
5.621571934252843628e-01
5.683930720009192639e-01
5.683928527699785294e-01
5.683930720009192639e-01
5.430489231432601427e-01
5.683750193803297490e-01
5.683930720009192639e-01
5.592061216603388951e-01
5.488274074975892924e-01
5.607009136582228326e-01
5.592588580666471021e-01
5.468462535147661230e-01
5.493717469570363887e-01
5.441183288302992027e-01
5.683707855356147087e-01
5.683930720009192639e-01
5.683930609469585171e-01
5.473100229382451554e-01
5.571194374509266245e-01
5.593728483403039853e-01
5.683930720009192639e-01
5.593918894273908204e-01
5.572756945071993817e-01
5.360279697327599013e-01
5.485895335551378427e-01
5.682769601212416255e-01
5.683697670532913415e-01
5.683930720009192639e-01
5.683930720009192639e-01
5.605999326021791074e-01
5.683930720009192639e-01
5.683930720009192639e-01
5.398230477080315781e-01
5.435824329444771674e-01
5.683930720009192639e-01
5.683930720009192639e-01
5.683930720009192639e-01
5.325356274904852194e-01
5.370437359108450881e-01
5.683930720009192639e-01
5.683864565539629155e-01
5.370600380448203870e-01
5.463667085955059566e-01
5.639125893844023629e-01
5.681095388048673644e-01
5.683047252810923267e-01
5.640464784739669390e-01
5.683930720009191528e-01
5.683930720009191528e-01
5.683930720009191528e-01
5.683930720009192639e-01
5.683051820986922964e-01
5.661536101249039499e-01
5.645019082647201314e-01
5.683928795890286212e-01
5.683930720009192639e-01
5.683208474999325022e-01
5.683930720009192639e-01
5.683930720009192639e-01
5.649244810453115662e-01
5.542419191426588565e-01
5.538381687612297100e-01
5.635235250006483954e-01
5.534017260677703831e-01
5.683930720009192639e-01
5.683930720009192639e-01
5.529718474342091294e-01
5.683930720009192639e-01
5.683930720009192639e-01
5.683930720009192639e-01
5.683930718923572156e-01
5.626785027163007102e-01
5.683061478490025742e-01
5.683930633238363228e-01
5.682154176066133155e-01
5.628339747182272701e-01
5.563274510867177725e-01
5.682807153278144341e-01
5.629855608430351932e-01
5.682560006380723561e-01
5.540079952524564755e-01
5.642967671210611380e-01
5.683930720009192639e-01
5.683930720009192639e-01
5.683217285145423237e-01
5.652239701430575858e-01
5.547306197301089536e-01
5.667148467133844569e-01
5.640697042419443585e-01
5.618370662891677414e-01
5.661252779818044534e-01
5.603070597086521332e-01
5.661881467838738580e-01
5.516817452656522791e-01
5.683069493190961996e-01
5.662496709801480010e-01
5.682817482800710529e-01
5.683930720009192639e-01
5.683930720009192639e-01
5.648046445960941409e-01
5.668847633992990520e-01
5.683930720009192639e-01
5.682819796660244505e-01
5.683930720009192639e-01
5.659888270284890721e-01
5.660527359766491795e-01
5.682821330357823442e-01
5.595727860608630255e-01
5.508338887068187084e-01
5.661164981640794958e-01
5.627978936541429000e-01
5.683930720009192639e-01
5.666770726178169681e-01
5.682823427947776285e-01
5.683930720009192639e-01
5.682188430125817424e-01
5.655123718873722449e-01
5.655889033558547663e-01
5.594607832762916733e-01
5.641394235612746666e-01
5.683930720009192639e-01
5.683930720009192639e-01
5.653956076652810747e-01
5.667969692744980748e-01
5.629950032419902550e-01
5.643973103552286652e-01
5.575354836494077482e-01
5.602587652087306358e-01
5.655432321732352108e-01
5.577809028906125510e-01
5.671236930218616079e-01
5.681812173005288402e-01
5.624018178317636840e-01
5.683930720009192639e-01
5.638869799349265355e-01
5.639997114642621989e-01
5.629644089932162032e-01
5.645895151511032273e-01
5.633323046556883984e-01
5.660697279020338035e-01
5.671633668206513823e-01
5.683930720009192639e-01
5.636777736058523613e-01
5.637856984568004881e-01
5.683072510086841778e-01
5.683223482673535054e-01
5.664483222607676893e-01
5.607934318204497171e-01
5.683071669786997626e-01
5.683930720009192639e-01
5.683930720009192639e-01
5.666770054305372284e-01
5.683068755721586429e-01
5.683930720009192639e-01
5.674422115439358150e-01
5.667595650265968565e-01
5.674888279451255624e-01
5.646836460872763919e-01
5.683930720009192639e-01
5.672810525360124645e-01
5.683930720009192639e-01
5.683930720009192639e-01
5.682798248067226776e-01
5.683930720009192639e-01
5.677976121996913816e-01
5.652227252010558756e-01
5.673876312118175669e-01
5.683930720009192639e-01
5.683930720009192639e-01
5.683865912638753626e-01
5.680157638492865368e-01
5.672382230665731218e-01
5.668576269459200123e-01
5.683046818036889825e-01
5.683865625762895002e-01
5.638254301021341508e-01
5.673216300396812795e-01
5.677915545914972162e-01
5.651478813728360029e-01
5.683930720009192639e-01
5.641171455956768277e-01
5.683930720009192639e-01
5.683930720009192639e-01
5.676672900427124357e-01
5.667483317289560008e-01
5.661559080216546080e-01
5.671607011221798667e-01
5.683193334546551290e-01
5.675136362328747630e-01
5.671886025361618788e-01
5.679157820434604931e-01
5.683930720009192639e-01
5.683190542355786024e-01
5.669339952760480417e-01
5.681299991766585178e-01
5.680382716397249787e-01
5.673270116679463015e-01
5.678156683922586101e-01
5.676534861448844227e-01
5.683930720009192639e-01
5.683930720009192639e-01
5.683181728569667301e-01
5.678590248426057530e-01
5.677083628536007121e-01
5.680314089338006633e-01
5.680733370025939921e-01
5.680863501151383055e-01
5.683930720009192639e-01
5.683175767461700056e-01
5.675003060669219224e-01
5.683930720009192639e-01
5.675228990330399848e-01
5.677749689198713368e-01
5.683176670713696588e-01
5.668636312739961935e-01
5.675451237786032221e-01
5.678055950808911234e-01
5.675861943805576848e-01
5.682035357347088311e-01
5.681050673131066153e-01
5.682027739112134324e-01
5.670449274414124385e-01
5.675901187474070575e-01
5.677895795146984392e-01
5.678142316107340770e-01
5.680577528704665591e-01
5.683930720009192639e-01
5.683930720009192639e-01
5.683930720009192639e-01
5.682653270571192961e-01
5.683930720009192639e-01
5.683766287625405811e-01
5.683930720009192639e-01
5.683727064980860222e-01
5.683930720009192639e-01
5.682743533683276560e-01
1.307768935807951116e-01
5.683930720009192639e-01
2.232275700592463996e-01
5.683671384330560850e-01
5.682228039631357364e-01
2.210111219201984500e-01
1.790260110670253146e-01
5.683930720009192639e-01
3.042384329246072827e-01
5.682345013826494151e-01
5.682657413787306488e-01
5.682760315101933468e-01
5.682941399831957785e-01
5.683930720009192639e-01
1.847596662798029754e-01
2.732467122154209060e-01
1.518296503296772404e-01
1.033121347193593914e-01
3.007255106646288256e-01
5.682694033482450502e-01
5.683056627257025983e-01
2.887229574717238290e-01
2.827576651671046548e-01
1.302223456989253791e-01
5.683930720009192639e-01
5.683930720009192639e-01
5.683930720009192639e-01
5.682172938481045987e-01
5.682780653674119886e-01
5.683497783398944181e-01
2.911502763554868478e-01
5.683930720009192639e-01
5.681768729946760077e-01
5.681767463940914364e-01
5.683930720009192639e-01
5.682440164417735806e-01
5.682620667296207628e-01
5.682729949966551786e-01
5.682780488124564711e-01
5.682963636505747873e-01
5.683082067177858132e-01
5.683476397701010541e-01
3.716261170242264322e-01
3.614291333010271057e-01
1.702432956756750326e-01
1.473815345662870813e-01
5.682229182037072945e-01
5.683251376575365610e-01
3.596121021233919524e-01
1.125911612802971695e-01
1.947514963092540630e-01
1.173429633343940348e-01
5.682695028489714861e-01
2.085214908750295526e-01
1.049102293007304065e-01
1.358608494852253101e-01
2.797299995908770209e-01
1.081833551291259132e-01
2.022278198016642103e-01
5.683930720009192639e-01
5.682943896807450823e-01
1.517182650111668640e-01
2.558717483692487527e-01
1.083958374994107299e-01
2.445618837169064863e-01
5.683930720009192639e-01
3.362426939768645151e-01
5.683930720009191528e-01
1.265761822775859080e-01
4.178783444648732637e-01
5.683930720009192639e-01
5.683930720009192639e-01
1.834214645499879504e-01
1.547424852600699230e-01
3.355049219163014351e-01
4.287813081133294846e-01
2.924480296000670498e-01
4.314073131512037862e-01
1.715710480892368994e-01
1.822522184384925970e-01
4.468355873293265446e-01
3.685644717688740801e-01
4.697380080717895035e-01
5.683930720009192639e-01
2.408700847203218698e-01
3.227654895399776902e-01
5.683930720009192639e-01
4.280169687061062267e-01
4.216297600060594508e-01
4.194558257214041075e-01
4.089402236678442160e-01
4.172874015833425432e-01
3.849691511076057671e-01
3.242401097732949267e-01
4.594179189968772836e-01
3.739222186153629557e-01
3.033609555979040473e-01
3.407451628396680476e-01
4.040058782082474043e-01
3.833946494324866894e-01
4.692798772547193131e-01
5.683930720009192639e-01
5.683930720009192639e-01
3.980860803993890307e-01
5.003846232172550756e-01
5.683930720009192639e-01
5.683930720009192639e-01
5.683930720009192639e-01
3.960538803252132145e-01
5.683930720009192639e-01
3.615074754622699116e-01
5.153815404204495909e-01
3.716948712417162959e-01
5.050938812006964262e-01
2.827164832751845602e-01
5.231796271888965455e-01
3.863194554368764577e-01
5.117865780163689537e-01
3.811270791000074820e-01
5.683930720009192639e-01
3.313056745017963767e-01
5.683930720009192639e-01
3.113062828204425925e-01
5.149112528537259648e-01
4.852835081247429128e-01
5.683930720009192639e-01
5.179271334123508597e-01
5.683930720009192639e-01
5.683930720009192639e-01
5.683930720009192639e-01
4.518950490050560043e-01
4.755442829631857937e-01
5.239806608037836932e-01
4.804055715433425133e-01
4.737029344710588230e-01
3.979312450785230104e-01
4.450629544644957858e-01
5.683930720009192639e-01
5.683930720009192639e-01
5.683930720009192639e-01
4.284865564425564544e-01
5.326310533510919543e-01
5.034856503937240602e-01
4.789310963995107584e-01
4.090692039718828998e-01
4.818950743713183438e-01
4.846206685691446525e-01
4.642014650910876172e-01
5.425082352867488522e-01
5.129299259843785874e-01
5.208099971688343599e-01
5.091310226208137779e-01
5.480495959239540804e-01
5.683930720009192639e-01
5.122372773986153538e-01
5.491662013862925740e-01
5.683930720009192639e-01
5.499193958206666233e-01
5.071085330761169185e-01
5.506737918101098916e-01
5.404852837462583715e-01
5.683930720009191528e-01
5.332590475428828913e-01
5.353821221739029079e-01
5.496374385531012097e-01
5.302977113843881929e-01
5.549645821787781985e-01
5.537188477985234281e-01
5.357552558334486292e-01
5.609252497805460314e-01
5.441999962734632712e-01
5.612217309851577074e-01
5.450223195917764940e-01
5.408884325790137559e-01
5.470332471628372994e-01
5.620524573983038952e-01
5.492734556706944105e-01
5.616487119270702211e-01
5.625269529072838282e-01
5.475228092997543872e-01
5.588028606177609658e-01
5.613288592376927122e-01
5.630492202316451644e-01
5.683930720009192639e-01
5.523876115320000002e-01
5.632077827161751093e-01
5.575686175409051426e-01
5.635000940813137404e-01
5.567093784413206237e-01
5.631071682782288201e-01
5.627862546644557540e-01
5.583919396773630028e-01
5.618509656545516151e-01
5.575103194678161511e-01
5.577866935447244323e-01
5.557126150934660336e-01
5.638110219274564683e-01
5.683930720009192639e-01
5.658244001410756008e-01
5.620816607450321856e-01
5.652862136842204954e-01
5.641792752689445134e-01
5.683930720009191528e-01
5.621871004153384810e-01
5.655064359128305629e-01
5.667518685806041123e-01
5.582044555583929313e-01
5.553663253260681110e-01
5.662470185286552216e-01
5.654591296517783583e-01
5.559031179255919941e-01
5.633475340209410653e-01
5.673156326965036467e-01
5.655783875443719522e-01
5.645190690139906264e-01
5.670550321151014428e-01
5.674637599995269177e-01
5.664401125871760811e-01
5.667006619510644994e-01
5.672630428103211386e-01
5.662879879305888764e-01
5.683930720009192639e-01
5.683930720009192639e-01
5.552820361687114126e-01
5.664217107384406091e-01
5.669438203295786849e-01
2.244045866349783369e-01
5.683930720009192639e-01
5.683930720009192639e-01
5.683930720009192639e-01
5.672594755142030820e-01
1.945955801978079269e-01
5.666160874975966211e-01
5.683930720009192639e-01
5.683930720009192639e-01
5.683930720009192639e-01
5.683930720009192639e-01
2.433304316636796250e-01
5.677450762969046272e-01
5.683930720009192639e-01
5.674004272821959738e-01
5.683930720009192639e-01
5.670703087729165315e-01
5.683930720009192639e-01
5.683930720009192639e-01
5.683930720009192639e-01
5.675045782265091265e-01
5.683930720009192639e-01
2.020562853204165010e-01
5.683930720009192639e-01
5.680146185834774597e-01
5.683930720009192639e-01
5.680662410690060504e-01
2.421785480507456789e-01
2.743764774432034814e-01
5.680078911743170478e-01
3.558310243704805309e-01
5.683930720009192639e-01
5.683930720009192639e-01
5.683930720009192639e-01
5.683930720009192639e-01
5.683930720009192639e-01
5.683930720009192639e-01
5.683930720009192639e-01
5.683930720009192639e-01
5.683930720009192639e-01
5.683930720009192639e-01
3.429092135755675286e-01
5.683930720009192639e-01
5.683930720009192639e-01
5.683930720009192639e-01
5.683930720009192639e-01
5.683930720009192639e-01
5.683930720009192639e-01
5.683930720009192639e-01
5.683930720009192639e-01
5.683930720009192639e-01
5.683930720009192639e-01
5.683930720009192639e-01
5.683930720009192639e-01
5.683930720009192639e-01
5.683930720009192639e-01
5.683930720009192639e-01
5.683930720009192639e-01
5.683930720009192639e-01
5.683930720009192639e-01
5.683930720009192639e-01
5.683930720009192639e-01
5.683930720009192639e-01
5.666894296566618028e-01
5.683930720009192639e-01
5.683930720009192639e-01
5.672394398759972312e-01
5.673864021362241550e-01
5.683930720009189308e-01
5.675153713611694739e-01
5.683930720009192639e-01
5.683930720009192639e-01
5.683930720009192639e-01
5.683930720009192639e-01
5.683930720009192639e-01
5.582602899462399959e-01
5.683930720009192639e-01
5.683930720009192639e-01
5.683930720009178206e-01
5.683930720009192639e-01
5.683930720009190418e-01
5.683930720009182647e-01
5.683930720009188198e-01
5.623931527163280597e-01
5.683930720009182647e-01
5.683930720009187088e-01
5.683930720009189308e-01
5.683930720009192639e-01
5.683930720009188198e-01
5.683930720009192639e-01
5.683930720009192639e-01
5.683930720009192639e-01
5.683930720009192639e-01
5.649372482061935097e-01
5.683930720009192639e-01
5.626849984037097796e-01
5.656326182560661442e-01
5.683930720009192639e-01
5.645259499030631511e-01
5.650686544541208001e-01
5.683930720009192639e-01
5.628948218228856382e-01
5.683930720009192639e-01
5.683930720009185977e-01
5.683930720009192639e-01
5.674016806872878016e-01
5.683930720009192639e-01
5.683930720009183757e-01
5.683930720009192639e-01
5.683930720009192639e-01
5.683930720009192639e-01
5.683930720009192639e-01
5.648263093879832830e-01
5.633042959516508796e-01
5.683930720009192639e-01
5.683930720009192639e-01
5.683930720009192639e-01
5.676727696651472366e-01
5.663094509554889022e-01
5.654032683228132905e-01
5.683930720009192639e-01
5.683930720009192639e-01
5.673488480569988113e-01
5.641410073365858979e-01
5.683930720009192639e-01
5.683930720006795667e-01
5.683930720009192639e-01
5.677144162655584081e-01
5.683930720009192639e-01
5.683930720009192639e-01
5.683930720009192639e-01
5.661745223654760517e-01
5.665055225788584448e-01
5.657116925420877518e-01
5.662218537977572463e-01
5.669777561578770442e-01
5.674406204232689266e-01
5.646965400663279677e-01
5.683930720009192639e-01
5.679294601206962279e-01
5.679881127263269880e-01
5.617091624625553115e-01
5.683930720009192639e-01
5.619049956945163515e-01
5.683930719987898561e-01
5.649023921167224405e-01
5.659405203626534098e-01
5.664061487708543785e-01
5.656147581150009485e-01
5.681218466097133213e-01
5.683930719988247171e-01
5.656782207431941822e-01
5.683930719988476987e-01
5.683930720005858639e-01
5.681286767361245493e-01
5.675452053192825419e-01
5.657410945740185548e-01
5.683930719985383906e-01
5.683930719988715685e-01
5.679351141387859458e-01
5.679641473913095151e-01
5.680175231198058006e-01
5.680414767589218039e-01
5.680697163032191188e-01
5.683930719988945501e-01
5.683930720001439951e-01
5.652970309252030034e-01
5.668679839164181278e-01
5.683930719995434755e-01
5.649006070598142637e-01
5.667069521062252369e-01
5.630068765999772795e-01
5.683930720000440751e-01
5.650081936481603506e-01
5.683930720006047377e-01
5.660440395775548916e-01
5.667478687941821525e-01
5.676363874665161235e-01
5.667875932125471250e-01
5.683930720007228654e-01
5.662311368883968798e-01
5.681957984875309897e-01
5.683930720004020110e-01
5.683930719990273328e-01
5.682205436384888397e-01
5.661518615505787277e-01
5.681822954840881623e-01
5.676632226074096454e-01
5.683930720000155423e-01
5.683930720007452919e-01
5.683930720005002657e-01
5.679895618778585398e-01
5.683930720004373160e-01
5.683930719992635883e-01
5.664403711171941413e-01
5.683930720005170301e-01
5.665049466277244372e-01
5.662781502530633837e-01
5.678617654226441047e-01
5.683930720003221859e-01
5.683930720001030279e-01
5.683930720006213910e-01
5.683930720001284520e-01
5.675592965641104160e-01
5.677412584457176559e-01
5.683930719994522152e-01
5.675822703201435226e-01
5.677584331345278956e-01
5.683930720004330972e-01
5.676038211118628052e-01
5.683930719997783987e-01
5.683930720005089254e-01
5.676705182185953769e-01
5.683930719998474546e-01
5.679589507481129784e-01
5.683930719996229675e-01
5.681012624995570581e-01
5.681273099297718954e-01
5.678275377436672322e-01
5.677609464755842827e-01
5.681793209082872664e-01
5.682057285999476681e-01
5.682165840120139144e-01
5.682710403670767629e-01
5.676592236963785565e-01
5.676428491962227652e-01
5.682568766976905383e-01
5.682651465825955261e-01
5.682803005109046124e-01
5.679131226927935927e-01
5.679393552462360661e-01
5.683108053892704792e-01
5.677187631570225212e-01
5.678658175606726699e-01
5.680985080586257174e-01
5.683403361019726541e-01
5.682564691513413146e-01
5.682859520750498383e-01
5.683145151006261386e-01
5.679898588188790898e-01
5.683369617027289600e-01
5.683411560433470067e-01
5.678465496112687916e-01
5.682869045256400131e-01
5.683050502921552782e-01
5.683153391267807830e-01
5.681535654564562332e-01
5.681401467354846302e-01
5.680399756916159060e-01
5.683910724985786755e-01
5.683846909514005397e-01
5.683623936463912951e-01
5.683889149462352242e-01
5.683892057700475897e-01
5.683726926929548728e-01
5.683741989480141088e-01
5.683819324532718431e-01
5.683853882578223660e-01
5.683870602905555236e-01
5.683842362798767756e-01
5.683911594246003895e-01
5.683914770122313609e-01
5.680621426370509042e-01
5.683894556127085940e-01
5.681690980302003258e-01
5.682040051311034734e-01
5.683862385122503413e-01
5.683886332552178233e-01
5.683736706930094806e-01
5.683897137381374032e-01
5.681751073460350465e-01
5.683889614444368465e-01
5.683898418923728491e-01
5.683903371590462994e-01
5.683913755993333927e-01
5.683899615819770768e-01
5.683858681812834490e-01
5.683727892362001599e-01
5.683885159810873056e-01
5.683900831401718090e-01
5.683874317856679736e-01
5.683886989287106895e-01
5.683894266998790190e-01
5.683738688425725716e-01
5.681273869712871738e-01
5.681414156159375617e-01
5.680981637497964920e-01
5.683915584388963271e-01
5.683913863303924341e-01
5.682018468216369911e-01
5.682222460095890382e-01
5.682405127287452062e-01
5.682567055370510989e-01
5.682637827761262139e-01
5.683908294166403197e-01
5.682218222597523738e-01
5.682486271037565650e-01
5.682639241603355540e-01
5.682710342683291449e-01
5.683403257921486595e-01
5.682181253681699573e-01
5.682691777492281382e-01
5.682760853872549367e-01
5.682824880470042084e-01
5.682884925012745558e-01
5.682942470653772338e-01
5.683058319015740212e-01
5.683325351525948532e-01
5.683371822358401770e-01
5.683536553489706433e-01
5.683692716453931926e-01
5.683898751155836981e-01
5.683260807578159879e-01
5.683868125127956583e-01
5.683900245797343098e-01
5.682479847285661911e-01
5.682843888749526950e-01
5.682964271671885337e-01
5.683134182514776311e-01
5.683917666931624924e-01
5.683911565801783583e-01
5.683887475938396161e-01
5.682176773037612705e-01
5.683844196438828655e-01
5.683825484641432668e-01
5.683783031145790421e-01
5.683915225272860861e-01
5.682248333302553078e-01
5.683918716763757262e-01
5.682601879953615986e-01
5.683919155949862523e-01
5.683913496280068589e-01
5.682756089069499472e-01
5.682877643250071609e-01
5.682935300666350775e-01
5.682377682887197468e-01
5.683516340280915236e-01
5.683539533840901159e-01
5.683561929418824432e-01
5.683620622663365651e-01
5.683638259127308245e-01
5.683685555447177684e-01
5.683914276134420795e-01
5.683768692266369937e-01
5.683787331958202182e-01
5.682438627040040657e-01
5.683839445355979292e-01
5.683803166113930994e-01
5.683857766198071593e-01
5.682494581955996882e-01
5.683185939464089342e-01
5.683895863080344890e-01
5.683860599416677983e-01
5.683416655133992634e-01
5.683907772901283240e-01
5.683844841561184191e-01
5.683928635355959269e-01
5.683928352732997569e-01
5.683927844704080856e-01
5.683918408821855284e-01
5.683927461729325614e-01
5.683927257764227470e-01
5.683916670332112009e-01
5.683925915897113379e-01
5.682643920215820765e-01
5.683913066418425641e-01
5.683841206875324126e-01
5.683048980122671345e-01
5.683444399433406069e-01
5.683910319121057153e-01
5.683923940558166521e-01
5.683917101053220788e-01
5.683824482999484395e-01
5.683844736725617297e-01
5.683856016166830560e-01
5.683805925342951815e-01
5.683919562201452669e-01
5.683928710940835405e-01
5.683928549579890799e-01
5.683928398449867858e-01
5.683928243043692152e-01
5.683858967736776791e-01
5.683928079860857130e-01
5.683880404010113185e-01
5.683929308374571221e-01
5.683613091744910140e-01
5.683666546888218596e-01
5.683927718910626314e-01
5.683681966003413244e-01
5.683873451466469051e-01
5.683927520012106438e-01
5.683923565512772891e-01
5.683926195706777706e-01
5.683902695366376268e-01
5.683927075833803411e-01
5.683918371964713501e-01
5.683915428588210972e-01
5.683875696681934819e-01
5.683928886319651319e-01
5.683929243323190272e-01
5.683928728008135201e-01
5.683928599531236081e-01
5.683918818341334722e-01
5.683925709541053362e-01
5.683927822399169605e-01
5.683908410453750726e-01
5.683927399732979779e-01
5.683731383460104425e-01
5.683757677811897002e-01
5.683879775183823257e-01
5.683858562374800583e-01
5.683868078087092046e-01
5.683914224200047327e-01
5.683917065642741795e-01
5.683870713043004397e-01
5.683924005341124408e-01
5.683910078269568400e-01
5.683929476164539807e-01
5.683929314353487472e-01
5.683917490817054219e-01
5.683929229019005769e-01
5.683929042722631886e-01
5.683897603403165188e-01
5.683928940225587700e-01
5.683928473265050796e-01
5.683851820090757290e-01
5.683885465058883257e-01
5.683927884148906040e-01
5.683898983973322272e-01
5.683908528524467263e-01
5.683929726163114982e-01
5.683929436935659663e-01
5.683929103679765671e-01
5.683910224190481530e-01
5.683919208135088663e-01
5.683924704069401868e-01
5.683565516807933538e-01
5.683776701316386459e-01
5.683919498030223227e-01
5.683930279559404886e-01
5.683906319433895682e-01
5.683860998476375492e-01
5.683874466787995905e-01
5.683919782629314188e-01
5.683929958957574247e-01
5.683930319317662683e-01
5.683907074304163087e-01
5.683305800726903279e-01
5.683929751841176881e-01
5.683929704612959988e-01
5.683922311104820935e-01
5.683920345041830746e-01
5.683787098744818023e-01
5.683929044311124557e-01
5.683918746595172378e-01
5.683923855398383962e-01
5.683930438698123755e-01
5.683878998650603309e-01
5.683929934489857505e-01
5.683928015026631364e-01
5.683919059298441212e-01
5.683929855139474574e-01
5.683920843715151161e-01
5.683924021197450660e-01
5.683927404153276131e-01
5.683929632265626308e-01
5.683821764598834259e-01
5.683886987028916593e-01
5.683929494061866761e-01
5.683919353506049488e-01
5.683930503199977613e-01
5.683926146908141463e-01
5.683924177160304403e-01
5.683906222756545112e-01
5.683930468679566639e-01
5.683839957488868722e-01
5.683928809194621623e-01
5.683921286916634452e-01
5.683919623029665136e-01
5.683924328861931219e-01
5.683901180863848435e-01
5.683914104524186994e-01
5.683930347911058112e-01
5.683825282254443279e-01
5.683921492826025101e-01
5.683901848169776727e-01
5.683930110400088331e-01
5.683930558016832002e-01
5.683930549759246276e-01
5.683929941520899920e-01
5.683914892715808964e-01
5.683926032259792871e-01
5.683828054681856479e-01
5.683930466949315141e-01
5.683929613903228040e-01
5.683924053435926993e-01
5.683924774955737558e-01
5.683929087329896435e-01
5.683921130790522414e-01
5.683930141765118904e-01
5.683873651129467408e-01
5.683930045500809047e-01
5.683930598703146320e-01
5.683927885661549384e-01
5.683830484579935893e-01
5.683874599129091765e-01
5.683927196655900183e-01
5.683929547826030992e-01
5.683891909156683075e-01
5.683930482174021082e-01
5.683929293615985756e-01
5.683917999984848812e-01
5.683929221798097453e-01
5.683929066513986328e-01
5.683930502975821364e-01
5.683930608242987459e-01
5.683928570917278211e-01
5.683923356629519974e-01
5.683848470645130879e-01
5.683927686053633632e-01
5.683927377049716734e-01
5.683927022886006153e-01
5.683848859619340388e-01
5.683929964514657929e-01
5.683876660836807426e-01
5.683866675332059915e-01
5.683900619852303437e-01
5.683930626303839162e-01
5.683887253256636463e-01
5.683904997733617570e-01
5.683929566082118745e-01
5.683929310624928899e-01
5.683930208413384699e-01
5.683922647625593294e-01
5.683916601955565362e-01
5.683905217975141477e-01
5.683930173131251928e-01
5.683901004757669906e-01
5.683928342836523928e-01
5.683930595527654228e-01
5.683905385518577269e-01
5.683928039888997974e-01
5.683929863848998787e-01
5.683927696748595215e-01
5.683918879948830494e-01
5.683834602940658343e-01
5.683929265579283907e-01
5.683930659189738721e-01
5.683925570906986913e-01
5.683916923992853309e-01
5.683913506483816436e-01
5.683924665160074996e-01
5.683930631538277600e-01
5.683919030186994625e-01
5.683877466850579818e-01
5.683910626746772055e-01
5.683930304243839382e-01
5.683901426521986711e-01
5.683930599292938979e-01
5.683926758651880462e-01
5.683919099785504914e-01
5.683927859899259305e-01
5.683726660330483682e-01
5.683768339472545783e-01
5.683927551615323148e-01
5.683930058139894381e-01
5.683849255516866261e-01
5.683930525335190165e-01
5.683929990874196925e-01
5.683901491668970074e-01
5.683929707745889459e-01
5.683930676648458746e-01
5.683877265619672325e-01
5.683901510843417659e-01
5.683924317769302181e-01
5.683669982271634114e-01
5.683894163869310789e-01
5.683910797310455232e-01
5.683930518390356568e-01
5.683923249368365571e-01
5.683917160783196199e-01
5.683919226150708770e-01
5.683922860931229781e-01
5.683887819598200108e-01
5.683928875916052226e-01
5.683928775356117402e-01
5.683905785290569446e-01
5.683928670737147248e-01
5.683930268836796529e-01
5.683930599981340537e-01
5.683930586613488156e-01
5.683929913502543396e-01
5.683930560898123874e-01
5.683930365801628248e-01
5.683928265550037828e-01
5.683852116026244516e-01
5.683862783432714894e-01
5.683796147911566177e-01
5.683810695552842240e-01
5.683921937398249691e-01
5.683899919797358313e-01
5.683910822223358084e-01
5.683912798350415629e-01
5.683914638266155395e-01
5.683925812760162177e-01
5.683928742189811034e-01
5.683930656668607639e-01
5.683930645304259288e-01
5.683925275646130038e-01
5.683930621617029333e-01
5.683930616152425008e-01
5.683930597618042091e-01
5.683928272293381490e-01
5.683930578377951459e-01
5.683924334211988283e-01
5.683923976500757647e-01
5.683919262574413933e-01
5.683930681337909796e-01
5.683929261070527206e-01
5.683929146004348398e-01
5.683929341830390447e-01
5.683929664116651459e-01
5.683925700675771520e-01
5.683916816748036949e-01
5.683907431695233159e-01
5.683893756240302464e-01
5.683929201652426766e-01
5.683897547743027578e-01
5.683913349735961740e-01
5.683914728292608354e-01
5.683929984839939387e-01
5.683930680195035112e-01
5.683930089233295568e-01
5.683927559660683082e-01
5.683927778110985374e-01
5.683928544195611110e-01
5.683930568860676713e-01
5.683930592738183352e-01
5.683919891307223082e-01
5.683930618177758243e-01
5.683930623706995311e-01
5.683930668008934095e-01
5.683852734255351313e-01
5.683861645770941218e-01
5.683916762157453784e-01
5.683930093303594111e-01
5.683928758934858605e-01
5.683919864768318675e-01
5.683929678745029968e-01
5.683919840102832355e-01
5.683930581030099960e-01
5.683930595888831983e-01
5.683926879537191112e-01
5.683929439633261804e-01
5.683930620813546497e-01
5.683930636048944995e-01
5.683930644913250951e-01
5.683930652898000480e-01
5.683919800513962395e-01
5.683930658394934499e-01
5.683930100388071560e-01
5.683878661220576056e-01
5.683926878233992452e-01
5.683916885789229712e-01
5.683910176342212850e-01
5.683929445216572285e-01
5.683930001886915440e-01
5.683930223212501076e-01
5.683917191679982439e-01
5.683926871018742943e-01
5.683928150680023217e-01
5.683929690259182932e-01
5.683930581049529973e-01
5.683930622691982792e-01
5.683930635454763625e-01
5.683930651684810931e-01
5.683930656221014566e-01
5.683930660498421883e-01
5.683930668419722165e-01
5.683930671358423670e-01
5.683930673483034157e-01
5.683914793870848969e-01
5.683905630518171215e-01
5.683930226479757541e-01
5.683906771297614346e-01
5.683927364505119151e-01
5.683928624712368816e-01
5.683929178372075786e-01
5.683929839601583600e-01
5.683930006286727066e-01
5.683930685708962205e-01
5.683912907288338756e-01
5.683930539226278444e-01
5.683930609312033422e-01
5.683929690688238612e-01
5.683930679184220347e-01
5.683930682032219961e-01
5.683927344341771493e-01
5.683929190039687107e-01
5.683930304988051851e-01
5.683928475064727870e-01
5.683928013712221672e-01
5.683930564924258855e-01
5.683930584995831037e-01
5.683930005734038060e-01
5.683913241231617341e-01
5.683930625760507116e-01
5.683930632153332274e-01
5.683930638142087322e-01
5.683927982363619069e-01
5.683930677260655706e-01
5.683930681567501697e-01
5.683929432296326301e-01
5.683930004665354030e-01
5.683929427164475801e-01
5.683929831891373352e-01
5.683930595083612758e-01
5.683930619505381809e-01
5.683915621603196078e-01
5.683930667475260989e-01
5.683930278894219201e-01
5.683929191025833827e-01
5.683927864266090646e-01
5.683930373884746867e-01
5.683930394255986007e-01
5.683929998321400889e-01
5.683928170315520889e-01
5.683929408459161836e-01
5.683392897712721270e-01
5.683929995781290545e-01
5.683930565357128151e-01
5.683930633416197642e-01
5.683930639455857525e-01
5.683930645164394502e-01
5.683930663996185073e-01
5.683929401387213254e-01
5.683930674949704276e-01
5.683929812492303224e-01
5.683929989419678197e-01
5.683929155277698264e-01
5.683926377673679253e-01
5.683927692145002153e-01
5.683928832334042003e-01
5.683928459420027890e-01
5.683930529307176238e-01
5.683930564979831068e-01
5.683929805626641851e-01
5.683930305447861819e-01
5.683930612516113756e-01
5.683930627030172600e-01
5.683929139196267633e-01
5.683930655542743793e-01
5.683930217016107678e-01
5.683930675183883618e-01
5.683397755377752603e-01
5.683927406543172189e-01
5.683927750505667342e-01
5.683928571397525165e-01
5.683930329360847855e-01
5.683930364260896262e-01
5.683930574435511751e-01
5.683930626616602311e-01
5.683930671813796076e-01
5.683930675157591317e-01
5.683930686519206299e-01
5.683928952358625608e-01
5.683929474032600737e-01
5.683929873748105877e-01
5.683928242277802578e-01
5.683540663265399528e-01
5.683930194524180468e-01
5.683930284404162814e-01
5.683930323310374400e-01
5.683930586311752853e-01
5.683930626440428791e-01
5.683930631787272869e-01
5.683930650602253554e-01
5.683930674161585817e-01
5.683930681620971148e-01
5.683930687881157962e-01
5.683930689720333440e-01
5.683612781467920483e-01
5.683928497471308905e-01
5.683929521404825769e-01
5.683929880689765346e-01
5.683929974400713236e-01
5.683930533435809229e-01
5.683930572481725729e-01
5.683930596662659651e-01
5.683930637523794127e-01
5.683930651872777240e-01
5.683930672878790835e-01
5.683930692367606952e-01
5.683928676134212266e-01
5.683469507817826560e-01
5.683929419320398191e-01
5.683930512976795857e-01
5.683930538530804766e-01
5.683819814575357121e-01
5.683930576990401384e-01
5.683930589315958626e-01
5.683930601934852334e-01
5.683930609786126409e-01
5.683930638282976844e-01
5.683144121094808598e-01
5.683928895543782778e-01
5.683283540484789231e-01
5.683138175630660927e-01
5.683783475141837016e-01
5.683930477672625159e-01
5.683930491870409218e-01
5.683930511338224356e-01
5.683930546939234274e-01
5.683929836483889719e-01
5.683930609071691231e-01
5.683930635260525666e-01
5.683930675856083692e-01
5.683930680605321362e-01
5.683930692122876049e-01
5.683263485327336717e-01
5.683803758940833006e-01
5.683928947431486911e-01
5.683125616128299473e-01
5.683930525820685142e-01
5.683930548218741885e-01
5.683930567598994843e-01
5.683930576516990074e-01
5.683930114433983771e-01
5.683930592817058036e-01
5.683930626055401225e-01
5.683930631595376370e-01
5.683801572196685026e-01
5.683871867014445023e-01
5.683930343883072389e-01
5.683930363226040727e-01
5.683930669340995223e-01
5.683126385648256118e-01
5.672434533637538134e-01
5.683596107464322644e-01
5.683502000777302943e-01
5.683929048692227814e-01
5.683771631692005055e-01
5.683929290560849612e-01
5.683929399113968328e-01
5.683883843225988608e-01
5.683930063652249398e-01
5.683867701542280049e-01
5.683930272044672716e-01
5.683930333520371692e-01
5.683768730071799835e-01
5.683886615153778132e-01
5.683930589100051334e-01
5.683930596857826867e-01
5.683144169720442118e-01
5.683930629089168907e-01
5.683930668055694468e-01
5.683930674329278343e-01
5.683930688374004836e-01
5.683930694853979171e-01
5.683930697353452022e-01
5.683930699339605486e-01
5.683930701709190014e-01
5.683929631099293722e-01
5.683929994521932372e-01
5.683930086306309137e-01
5.683930119020770277e-01
5.683930366664967648e-01
5.683837277406535993e-01
5.683714275526638993e-01
5.683844656531145123e-01
5.683930513713596477e-01
5.683930637824335941e-01
5.683930652548296880e-01
5.683929089727062234e-01
5.683930678610378262e-01
5.683930694315796339e-01
5.683930701533035368e-01
5.683930702562504100e-01
5.683786723997524826e-01
5.683929849051425620e-01
5.683930055333028530e-01
5.683930134931253209e-01
5.683930338182516806e-01
5.683930357695302638e-01
5.683885139170195000e-01
5.683757526013520911e-01
5.683517040053752689e-01
5.683843786011706367e-01
5.683849449951193789e-01
5.683456657033115755e-01
5.683929838524218736e-01
5.683930094774147790e-01
5.683930522606368552e-01
5.683930546684403673e-01
5.683930577978000276e-01
5.683930650269257701e-01
5.683178349370625604e-01
5.683930693210409446e-01
5.683930696474257527e-01
5.683695550103304850e-01
5.683691971055452319e-01
5.683930528597430643e-01
5.683930579559967056e-01
5.683930603343962940e-01
5.683929663394208243e-01
5.683929759209747079e-01
5.683929911516896194e-01
5.683930026069408115e-01
5.683930692763140557e-01
5.683745672245033020e-01
5.683930677742019544e-01
5.683900781679324110e-01
5.683795872974451990e-01
5.683879943635054000e-01
5.683849104645183337e-01
5.683929863779908498e-01
5.683824222689788375e-01
5.683929985256714890e-01
5.683930040279837614e-01
5.683909111081576482e-01
5.683930113362369863e-01
5.683502583489767890e-01
5.683930614808831994e-01
5.683930632871364574e-01
5.683930638108193323e-01
5.683930647475354814e-01
5.683930664425408397e-01
5.683930671717151162e-01
5.683930688660200348e-01
5.683225506938843763e-01
5.683882053353506159e-01
5.683930698389962899e-01
5.683930702046678940e-01
5.683930704381067178e-01
5.683761895695670363e-01
5.683930709114783930e-01
5.683920140330703807e-01
5.683847971867092008e-01
5.683930558670284849e-01
5.683675280745236202e-01
5.683734880567492542e-01
5.683930692264563822e-01
5.683920666335692262e-01
5.683930630978437648e-01
5.683892440170547067e-01
5.683867670047313414e-01
5.683817582028317661e-01
5.683888957416339816e-01
5.683930708265988452e-01
5.683884832234609163e-01
5.683855051563397875e-01
5.683930693276354473e-01
5.683800233807640989e-01
5.681138369854420445e-01
5.683602000942221677e-01
5.683770605085703975e-01
5.683902058261632861e-01
5.683535466980310646e-01
5.682369163603492312e-01
5.682585299136110324e-01
5.682478019940225833e-01
5.683898914889895515e-01
5.683381741735569204e-01
5.683930629064997131e-01
5.683930544298908538e-01
5.683391212695775296e-01
5.683930701340007552e-01
5.683288591097339637e-01
5.683930685539020367e-01
5.683842046737633824e-01
5.681019172511974080e-01
5.683930553478770964e-01
5.683737576179864748e-01
5.683602184483272923e-01
5.683930521423135040e-01
5.681900219395923379e-01
5.682407215532507827e-01
5.683051551464366469e-01
5.682879761381416373e-01
5.683875748219144874e-01
5.683930552846045980e-01
5.680991944460810350e-01
5.683930692451171218e-01
5.683929794284211523e-01
5.683930705500674918e-01
5.682892690537744151e-01
5.683929943832821685e-01
5.683929996553367392e-01
5.683930042269208505e-01
5.680954475118120683e-01
5.683930702746448071e-01
5.683802314816354118e-01
5.682907422059034763e-01
5.681705896836604097e-01
5.683712941567139465e-01
5.681892171107161271e-01
5.682204802508447061e-01
5.683930700941625114e-01
5.683930626209229287e-01
5.683930702633490650e-01
5.683333085341080171e-01
5.683850925512879959e-01
5.683930625880424525e-01
5.682937024998568898e-01
5.683892588569965376e-01
5.683930033317702302e-01
5.683930548707979424e-01
5.683930149447787850e-01
5.683930712542135666e-01
5.682384010133337826e-01
5.683930274739775745e-01
5.683825348523582344e-01
5.683344077888461410e-01
5.683448114418824249e-01
5.683856620226062084e-01
5.683774985034716343e-01
5.682967405767483937e-01
5.683129090733743949e-01
5.683727203859930688e-01
5.683930027045105415e-01
5.683930170461490849e-01
5.683930211364727203e-01
5.683930241807345629e-01
5.683875310723131014e-01
5.683801299243186333e-01
5.683891665144201744e-01
5.683366161146633511e-01
5.683689407094467683e-01
5.683805621000860286e-01
5.683861125532413405e-01
5.682698297458996795e-01
5.682994459113691610e-01
5.683930703409373342e-01
5.683930702339239360e-01
5.683561462776377526e-01
5.682471488732291354e-01
5.681750571347572443e-01
5.683879116356271854e-01
5.683899541424488611e-01
5.683388096960654279e-01
5.683869094331825966e-01
5.683930235975825918e-01
5.682490233270107716e-01
5.683929403555794124e-01
5.682730559343130983e-01
5.683930705127070437e-01
5.683847519999456477e-01
5.683930712899724069e-01
5.683894327879323027e-01
5.683930516683535217e-01
5.683818175019726970e-01
5.683930693766636733e-01
5.683930710478849457e-01
5.683930545565111236e-01
5.681088105419047629e-01
5.683930011492042134e-01
5.683930696222510015e-01
5.682531858224114663e-01
5.682168434302690141e-01
5.683930578178607584e-01
5.681873865656195122e-01
5.683893782129878502e-01
5.683843652845342875e-01
5.681239517109860637e-01
5.683930712231448634e-01
5.683930681834137300e-01
5.683915598078880249e-01
5.682796264892219229e-01
5.681479242573499455e-01
5.683888848417408823e-01
5.683072618821659594e-01
5.682219428356674040e-01
5.683930700472856756e-01
5.683904533125099245e-01
5.683930710427421706e-01
5.683921918363732395e-01
5.683929888068635083e-01
5.683930012789540909e-01
5.683930050078523921e-01
5.683930132725103501e-01
5.682813227657023125e-01
5.683911058079966772e-01
5.683930681645751326e-01
5.682822270063645487e-01
5.683930703996125100e-01
5.683870007185585216e-01
5.683929764001692808e-01
5.683930634017900774e-01
5.682645248688683592e-01
5.683929340110632777e-01
5.683930708833793144e-01
5.683930284951920209e-01
5.683904946418979476e-01
5.683925548537333006e-01
5.683930706998083782e-01
5.683900445140050994e-01
5.683930710810120024e-01
5.683930712451042977e-01
5.683851475945667087e-01
5.683827153076783656e-01
5.682366780711013421e-01
5.683925821657722643e-01
5.683842617418140009e-01
5.683930232024778650e-01
5.683877566246993140e-01
5.683922507439892469e-01
5.682483316340422030e-01
5.683930597974551358e-01
5.683930628052925593e-01
5.683870815646443475e-01
5.683930569290421841e-01
5.683930657937460440e-01
5.683930580570560886e-01
5.683930689922404023e-01
5.683864134176043192e-01
5.683930695594127114e-01
5.683930638863141649e-01
5.683930692903630399e-01
5.683930709983905372e-01
5.683930099409406633e-01
5.683880001217149758e-01
5.683900123951012295e-01
5.683786465671436527e-01
5.683930627982979322e-01
5.683930715155148805e-01
5.683930682645566002e-01
5.683930692166878629e-01
5.683838215526695326e-01
5.683930597979812704e-01
5.683930571130901832e-01
5.683930669724087670e-01
5.683930643759463885e-01
5.683930207895779851e-01
5.683930698347466892e-01
5.683827984321691007e-01
5.683859301727800517e-01
5.683930449557079712e-01
5.683930715389744481e-01
5.683930598033756221e-01
5.683929861601896283e-01
5.683898385508614481e-01
5.683930643834611551e-01
5.683896675870081516e-01
5.683930529011126387e-01
5.683930504297689534e-01
5.683930698876885623e-01
5.683917120613883878e-01
5.683930598129864897e-01
5.683930628186745215e-01
5.683930692218847058e-01
5.683790373002084451e-01
5.683909116446168586e-01
5.683930643956119910e-01
5.683930219056313460e-01
5.683930598506682363e-01
5.683930574585062123e-01
5.683930715642041553e-01
5.683930699897526972e-01
5.683930101587392203e-01
5.683930644216608208e-01
5.683930628643469873e-01
5.683930692338826640e-01
5.683930316624967727e-01
5.683930700620902776e-01
5.683913515216080237e-01
5.683924112296583342e-01
5.683930504207995726e-01
5.683851545002440719e-01
5.683898875315418486e-01
5.683925679408680098e-01
5.683910619047883861e-01
5.683930437880498898e-01
5.683894487542425766e-01
5.683916717398820317e-01
5.683930715529152966e-01
5.683930536025840752e-01
5.683930715997902450e-01
5.683930716474566713e-01
5.683930716849970866e-01
5.683930661614240432e-01
5.683930629346308772e-01
5.683891586830180920e-01
5.683924820957763080e-01
5.683930683142465190e-01
5.683921424260522937e-01
5.683930661744984736e-01
5.683905632865703383e-01
5.683904302908479034e-01
5.683930701531089147e-01
5.683926965087489069e-01
5.683901181365679234e-01
5.683930716825673635e-01
5.683930714804397155e-01
5.683930500438338917e-01
5.683930717612625250e-01
5.683930702588877448e-01
5.683897885010061879e-01
5.683916725809521342e-01
5.683891595940351316e-01
5.683928368472195292e-01
5.683926730619534018e-01
5.683930716539037364e-01
5.683930716674240324e-01
5.683930717574378066e-01
5.683930718016871886e-01
5.683930704435222747e-01
5.683930701091897131e-01
5.683930646512397322e-01
5.683930706503524943e-01
5.683930648773890537e-01
5.683914575566288985e-01
5.683920511715960799e-01
5.683930580354346063e-01
5.683926087169980379e-01
5.683930718009361227e-01
5.683930672106527471e-01
5.683589877221911779e-01
5.683711796934005633e-01
5.683746429180872584e-01
5.683775633258864035e-01
5.683930715071685569e-01
5.683930649943923497e-01
5.683921401251820216e-01
5.683930715085594443e-01
5.683930716418842399e-01
5.683930717793181930e-01
5.683930708237346918e-01
5.683930715131749745e-01
5.683930704535157252e-01
5.683911334424867068e-01
5.683930715186099603e-01
5.683913228557797570e-01
5.683930718329238685e-01
5.683918056916754669e-01
5.683930718505961766e-01
5.683922250524002795e-01
5.683930708540431143e-01
5.683927031295238352e-01
5.683737999453223333e-01
5.683837685804408180e-01
5.683900175370448782e-01
5.683930717328902205e-01
5.683930718863828835e-01
5.683923290041783538e-01
5.683796882748731738e-01
5.683924687011889798e-01
5.683926504838430205e-01
5.683928934265407573e-01
5.683930718184432296e-01
5.683856572068778368e-01
5.683913039513819321e-01
5.683930717449343639e-01
5.683916171328600164e-01
5.683930717924712273e-01
5.683930718740742849e-01
5.683809981975406211e-01
5.683917661199376914e-01
5.683913942795247864e-01
5.683875612354362117e-01
5.683919188658715926e-01
5.683929120925130807e-01
5.683777660533076981e-01
5.683924356988916404e-01
5.683930718353126244e-01
5.683930718596472698e-01
5.683930719027364686e-01
5.683908708706292279e-01
5.683928849896912050e-01
5.683924918747524924e-01
5.683920764689589511e-01
5.683880386916806415e-01
5.683927156119450430e-01
5.683810169316798611e-01
5.683860876425210762e-01
5.683930719044379964e-01
5.683930719698833123e-01
5.683930719223403427e-01
5.683930719463153869e-01
5.683924821316422848e-01
5.683930719226680806e-01
5.683926227153541788e-01
5.683930719545291499e-01
5.683930719344265636e-01
5.683927861333128995e-01
5.683928815929411016e-01
5.683930719792527064e-01
5.683921896112438255e-01
5.683930719810776910e-01
5.683930719830844192e-01
5.683930719700315271e-01
5.683930719717009694e-01
5.683850355670324594e-01
5.683926753164386669e-01
5.683930718545141536e-01
5.683917176659371018e-01
5.683927932400026917e-01
5.683921490498793361e-01
5.683924548372604191e-01
5.683929036367022514e-01
5.683930718924651293e-01
5.683930718703409379e-01
5.683927438244782415e-01
5.683930719743570670e-01
5.683930719728592651e-01
5.683930719851676416e-01
5.683930719689308519e-01
5.683898705960217512e-01
5.683927160938713197e-01
5.683930719856178371e-01
5.683886149718518910e-01
5.683877310393671278e-01
5.683926136311677757e-01
5.683930719869386694e-01
5.683905614073941903e-01
5.683888441520046353e-01
5.683898284143691360e-01
5.683930652081325974e-01
5.683925081346479224e-01
5.683930639009384667e-01
5.683930719761753902e-01
5.683930719189332903e-01
5.683926910238639163e-01
5.683923621341288035e-01
5.683930719896396200e-01
5.683928497122980872e-01
5.683897183009806175e-01
5.683904924609962661e-01
5.683930719834060508e-01
5.683930719876543192e-01
5.683902020562624502e-01
5.683908486481715761e-01
5.683929557611588912e-01
5.683930719880676552e-01
5.683930719859227043e-01
5.683904093953607850e-01
5.683930719885192939e-01
5.683930639680342400e-01
5.683853050078016000e-01
5.683930719642649176e-01
5.683930719676035803e-01
5.683930719710915680e-01
5.683930719733604198e-01
5.683930719789290764e-01
5.683930719816219224e-01
5.683930719860620373e-01
5.683930719867528181e-01
5.683922712574940306e-01
5.683930719922919428e-01
5.683875042107494613e-01
5.683927973510402021e-01
5.683929228715577375e-01
5.683929368713573904e-01
5.683929972921717422e-01
5.683930640268797241e-01
5.683888708488714636e-01
5.683930719976538759e-01
5.683930719983949498e-01
5.683864952288967265e-01
5.683930719997946079e-01
5.683930719527671149e-01
5.683930719940601950e-01
5.683930719739801463e-01
5.683930719870093906e-01
5.683930675268896726e-01
5.683930719953429467e-01
5.683930719978496082e-01
5.683930719995566871e-01
5.683884838770471015e-01
5.683929148764904626e-01
5.683930137516117753e-01
5.683929549914862323e-01
5.683929759032310125e-01
5.683929849221633912e-01
5.683929931227800214e-01
5.683930005357393789e-01
5.683930719970585743e-01
5.683930719983337765e-01
5.683930719995685665e-01
5.683892980876834589e-01
5.683930719941917564e-01
5.683930719856461478e-01
5.683930719979051194e-01
5.683930682420753611e-01
5.683930719983808499e-01
5.683930719769503259e-01
5.683928544652812054e-01
5.683930719795182718e-01
5.683930719582708235e-01
5.683930719971667100e-01
5.683930719979614077e-01
5.683930719984052748e-01
5.683930719819869637e-01
5.683930675546858824e-01
5.683929415026063303e-01
5.683930719883568683e-01
5.683930719972036805e-01
5.683930719979890522e-01
5.683930077760723787e-01
5.683930719989717106e-01
5.683930719691603350e-01
5.683930719713322643e-01
5.683930719911698404e-01
5.683930719862576586e-01
5.683930719980182511e-01
5.683930719989906954e-01
5.683930641393073468e-01
5.683930719980462287e-01
5.683930719945473609e-01
5.683930719888511396e-01
5.683930719990275549e-01
5.683930719973232515e-01
5.683930617908939942e-01
5.683930720000697212e-01
5.683930693881512619e-01
5.683930719990468727e-01
5.683930719993286473e-01
5.683911650293078655e-01
5.683930719862689829e-01
5.683930719848253599e-01
5.683930719360518191e-01
5.683930719998618875e-01
5.683930719757499528e-01
5.683902832660530091e-01
5.683930719974256141e-01
5.683930642417476253e-01
5.683930719985756941e-01
5.683930650413210328e-01
5.683930663968412844e-01
5.683930719997009051e-01
5.683930719993773861e-01
5.683930719808172327e-01
5.683930719911932661e-01
5.683930719588075053e-01
5.683930679025661625e-01
5.683930719958369959e-01
5.683930719592694691e-01
5.683930719998945280e-01
5.683897836861444564e-01
5.683930719918215413e-01
5.683930693959892144e-01
5.683930719268387444e-01
5.683930626287766463e-01
5.683930719866112646e-01
5.683930719770535767e-01
5.683930719703369494e-01
5.683899551184831145e-01
5.683930701687911480e-01
5.683930719882530624e-01
5.683930696337227140e-01
5.683930719981835633e-01
5.683930719990912817e-01
5.683901369599725362e-01
5.683930719965835099e-01
5.683930719898486750e-01
5.683895241411901500e-01
5.683930720001025838e-01
5.683930719772722906e-01
5.683918333106195986e-01
5.683930719925112118e-01
5.683930664958956047e-01
5.683930719881532534e-01
5.683904369160083236e-01
5.683930719932990261e-01
5.683930653895443719e-01
5.683915321407579935e-01
5.683930719966927558e-01
5.683930719997124514e-01
5.683930719999915615e-01
5.683930719963850020e-01
5.683930720001023618e-01
5.683930719982246416e-01
5.683930719902305917e-01
5.683930719984109370e-01
5.683930713514137034e-01
5.683930695471617334e-01
5.683930636779416234e-01
5.683930704794868394e-01
5.683930719258881714e-01
5.683930667938682513e-01
5.683930719817323896e-01
5.683917897311420164e-01
5.683930719860375014e-01
5.683930719928793618e-01
5.683930719942221765e-01
5.683930719957139832e-01
5.683930719978180779e-01
5.683930719986879376e-01
5.683930719992545955e-01
5.683930719993560698e-01
5.683930719995420322e-01
5.683930719996265202e-01
5.683930681022764109e-01
5.683930719999771286e-01
5.683911549151384746e-01
5.683930715121040533e-01
5.683930683098543657e-01
5.683913216482598951e-01
5.683930663415742712e-01
5.683930690017713339e-01
5.683930647251664858e-01
5.683922979514547391e-01
5.683917461544923944e-01
5.683920374950703902e-01
5.683922235832609138e-01
5.683930671744445995e-01
5.683930659245918227e-01
5.683930696548596950e-01
5.683930719769180184e-01
