11979.53513
11752.06355
11926.65726
11941.96850
11880.48605
12092.68123
11867.22529
11928.02690
11832.20030
11985.54053
11895.09345
11992.29564
11985.84344
11920.13448
12032.67108
11839.62673
12056.80271
12134.48506
11853.85264
11869.75725
11842.02656
11890.28824
12029.71395
11895.95647
11949.80518
11868.52687
12035.52208
11867.88042
11896.55438
11916.83813
11968.41494
12004.83358
11978.18817
11891.87869
11887.42876
11831.76655
11951.71866
11908.28856
11851.11668
12036.52062
12004.86782
12078.21292
11770.89641
11875.91718
11907.86187
12034.15941
11941.49939
12005.71672
11859.80049
11904.59522
12128.41499
11792.14929
12002.92501
11679.83887
11843.68180
11928.57616
12005.42964
11956.85134
12016.09886
11907.84486
11901.41581
11858.53678
11898.90537
11770.98275
12001.21681
11997.58554
12013.63310
12042.25588
11849.51676
12118.21825
12059.18075
11975.49614
11872.39589
11941.08867
12022.04178
12093.73160
11893.69244
11993.99603
11898.69893
12015.40985
11938.27178
11859.61554
11877.69014
11930.79120
11840.06336
11937.10475
11891.43324
11779.24250
11797.78237
12002.77538
11918.98714
11833.84044
11844.95951
11985.11683
11858.19471
11977.93682
12056.46809
12077.31767
12012.22408
11921.87666
