11135.11719
11219.30095
11219.18126
11163.36738
11118.27857
11334.56319
11287.76621
11256.43844
11255.94452
11168.45268
11083.05117
11152.74101
11248.27141
11121.38036
11143.75260
11234.13135
11182.55534
11126.17005
11081.03856
11264.77227
11222.74213
11225.78558
11174.97753
11095.12279
11192.04163
11260.39055
11339.12563
11216.57508
11223.68938
11258.50313
11155.72187
11123.62555
11270.90567
11219.30300
11160.24802
11177.91452
11192.05440
11266.69566
11207.09377
11167.09344
11260.76235
11373.71305
11307.38126
11160.70577
11200.93557
11312.22498
11121.57000
11121.04775
11064.77620
11069.38254
11249.02044
11218.83027
11266.84919
11221.11657
11278.87720
11124.56181
11303.70174
11112.86831
11372.81697
11216.73366
11291.26173
11265.14496
11378.51902
11200.48287
11088.76313
11289.17179
11213.77717
11186.46021
11268.78655
11242.14273
11285.63607
11156.56737
11199.71171
11145.88127
11126.52860
11260.75032
11217.09172
10978.28247
11256.69972
11242.93549
11261.35341
11091.66198
11042.45510
11222.44107
11163.59177
11201.94760
11184.05363
11226.55708
11233.81282
11212.44558
11146.81606
11189.31849
11182.54768
11284.20568
11251.98793
11201.81332
11227.22562
11149.67309
11314.87883
11081.99366
